id,n_synth,period_ls,period_fit
32060000010787,0,0.4524747802062713,0.0051311105129439
32060000010787,2,0.4524747802062713,0.006872764944120813
32060000010787,4,0.4524747802062713,0.01415196471490665
32060000010787,6,0.4524747802062713,0.008880038858730233
32060000010787,8,0.4524747802062713,0.004768743657418306
32060000010787,10,0.4524747802062713,0.004230875074545781
32060000010787,12,0.4524747802062713,0.0016852872394546026
32060000010787,14,0.4524747802062713,0.0010068525832040987
32060000010787,16,0.4524747802062713,0.0009201949599529913
32060000010787,18,0.4524747802062713,0.0005356162933844999
32060000010787,20,0.4524747802062713,0.00031397039069902544
32060000010787,22,0.4524747802062713,0.00018293085020193445
32060000010787,24,0.4524747802062713,0.00010270455984917604
32060000010787,26,0.4524747802062713,6.291225132493139e-05
32060000010787,28,0.4524747802062713,5.155087872477093e-05
32060000010787,30,0.4524747802062713,2.9074946291340886e-05
32060000010787,32,0.4524747802062713,1.7518279299411077e-05
32060000010787,34,0.4524747802062713,8.2671448081717e-06
32060000010787,36,0.4524747802062713,4.901345969754445e-06
32060000010787,38,0.4524747802062713,3.1994264254597837e-06
32060000010787,40,0.4524747802062713,2.3722354333122198e-06
32060000010787,42,0.4524747802062713,2.7097674725196086e-06
32060000010787,44,0.4524747802062713,1.7589727042688352e-06
32060000010787,46,0.4524747802062713,1.2407891750720879e-06
32060000010787,48,0.4524747802062713,1.188495409532031e-06
32060000010787,50,0.4524747802062713,8.367009154408578e-07
32060000010787,52,0.4524747802062713,5.562160274585892e-07
32060000010787,54,0.4524747802062713,5.799859362776161e-07
32060000010787,56,0.4524747802062713,3.375328399002342e-07
32060000010787,58,0.4524747802062713,2.329452115645836e-07
32060000010787,60,0.4524747802062713,1.6163545868419504e-07
32060000010787,62,0.4524747802062713,1.188496044912668e-07
32060000010787,64,0.4524747802062713,8.557171671252917e-08
32060000010787,66,0.4524747802062713,8.557171671252917e-08
32060000010787,68,0.4524747802062713,5.2293827712546204e-08
32060000010787,70,0.4524747802062713,2.3769922030680846e-08
32060000010787,72,0.4524747802062713,2.8523906347999173e-08
32060000010787,74,0.4524747802062713,2.8523906347999173e-08
32060000010787,76,0.4524747802062713,1.4261953285021889e-08
32060000010787,78,0.4524747802062713,9.50796885668126e-09
32060000010787,80,0.4524747802062713,4.75398442834063e-09
32060000010787,82,0.4524747802062713,4.75398442834063e-09
32060000010787,84,0.4524747802062713,4.75398442834063e-09
32060000010787,86,0.4524747802062713,4.75398442834063e-09
32060000010787,88,0.4524747802062713,4.75398442834063e-09
32060000010787,90,0.4524747802062713,4.75398442834063e-09
32060000010787,92,0.4524747802062713,4.75398442834063e-09
32060000010787,94,0.4524747802062713,4.75398442834063e-09
32060000010787,96,0.4524747802062713,0.0
32060000010787,98,0.4524747802062713,0.0
32060000010787,100,0.4524747802062713,0.0
32060000010787,102,0.4524747802062713,0.0
32060000010787,104,0.4524747802062713,0.0
32060000010787,106,0.4524747802062713,0.0
32060000010787,108,0.4524747802062713,0.0
32060000010787,110,0.4524747802062713,0.0
32060000010787,112,0.4524747802062713,0.0
32060000010787,114,0.4524747802062713,0.0
32060000010787,116,0.4524747802062713,0.0
32060000010787,118,0.4524747802062713,0.0
32060000010787,120,0.4524747802062713,0.0
32060000010787,122,0.4524747802062713,0.0
32060000010787,124,0.4524747802062713,0.0
32060000010787,126,0.4524747802062713,0.0
32060000010787,128,0.4524747802062713,0.0
32060000010787,130,0.4524747802062713,0.0
32060000010787,132,0.4524747802062713,0.0
32060000010787,134,0.4524747802062713,0.0
32060000010787,136,0.4524747802062713,0.0
32060000010787,138,0.4524747802062713,0.0
32060000010787,140,0.4524747802062713,0.0
32060000010787,142,0.4524747802062713,0.0
32060000010787,144,0.4524747802062713,0.0
32060000010787,146,0.4524747802062713,0.0
32060000010787,148,0.4524747802062713,0.0
32060000010787,150,0.4524747802062713,0.0
32060000010787,152,0.4524747802062713,0.0
32060000010787,154,0.4524747802062713,0.0
32060000010787,156,0.4524747802062713,0.0
32060000010787,158,0.4524747802062713,0.0
32060000010787,160,0.4524747802062713,0.0
32060000010787,162,0.4524747802062713,0.0
32060000010787,164,0.4524747802062713,0.0
32060000010787,166,0.4524747802062713,0.0
32060000010787,168,0.4524747802062713,0.0
32060000010787,170,0.4524747802062713,0.0
32060000010787,172,0.4524747802062713,0.0
32060000010787,174,0.4524747802062713,0.0
32060000010787,176,0.4524747802062713,0.0
32060000010787,178,0.4524747802062713,0.0
32060000010787,180,0.4524747802062713,0.0
32060000010787,182,0.4524747802062713,0.0
32060000010787,184,0.4524747802062713,0.0
32060000010787,186,0.4524747802062713,0.0
32060000010787,188,0.4524747802062713,0.0
32060000010787,190,0.4524747802062713,0.0
32060000010787,192,0.4524747802062713,0.0
32060000010787,194,0.4524747802062713,0.0
32060000010787,196,0.4524747802062713,0.0
32060000010787,198,0.4524747802062713,0.0
32060000010787,200,4.822501570097267,0.0
32060000010888,0,0.589254091054908,0.0
32060000010888,2,0.5892540910549101,0.0
32060000010888,4,0.5892540910549101,0.0
32060000010888,6,0.5892540910549101,0.0
32060000010888,8,0.5892540910549101,0.0
32060000010888,10,0.5892540910549101,0.0
32060000010888,12,0.5892540910549101,0.0
32060000010888,14,0.5892540910549101,0.0
32060000010888,16,0.5892540910549101,0.0
32060000010888,18,0.5892540910549101,0.0
32060000010888,20,0.5892540910549101,0.0
32060000010888,22,0.5892540910549101,0.0
32060000010888,24,0.5892540910549101,0.0
32060000010888,26,0.5892540910549101,0.0
32060000010888,28,0.5892540910549101,0.0
32060000010888,30,0.5892540910549101,0.0
32060000010888,32,0.5892540910549101,0.0
32060000010888,34,0.5892540910549101,0.0
32060000010888,36,0.5892540910549101,0.0
32060000010888,38,0.5892540910549101,0.0
32060000010888,40,0.5892540910549101,0.0
32060000010888,42,0.5892540910549101,0.0
32060000010888,44,0.5892540910549101,0.0
32060000010888,46,0.5892540910549101,0.0
32060000010888,48,0.5892540910549101,0.0
32060000010888,50,0.5892540910549101,0.0
32060000010888,52,0.5892540910549101,0.0
32060000010888,54,0.5892540910549101,0.0
32060000010888,56,0.5892540910549101,0.0
32060000010888,58,0.5892540910549101,0.0
32060000010888,60,0.5892540910549101,0.0
32060000010888,62,0.5892540910549101,0.0
32060000010888,64,0.5892540910549101,0.0
32060000010888,66,0.5892540910549101,0.0
32060000010888,68,0.5892540910549101,0.0
32060000010888,70,0.5892540910549101,0.0
32060000010888,72,0.5892540910549101,0.0
32060000010888,74,0.5892540910549101,0.0
32060000010888,76,0.5892540910549101,0.0
32060000010888,78,0.5892540910549101,0.0
32060000010888,80,0.5892540910549101,0.0
32060000010888,82,0.5892540910549101,0.0
32060000010888,84,0.5892540910549101,0.0
32060000010888,86,0.5892540910549101,0.0
32060000010888,88,0.5892540910549101,0.0
32060000010888,90,0.5892540910549101,0.0
32060000010888,92,0.5892540910549101,0.0
32060000010888,94,0.5892540910549101,0.0
32060000010888,96,0.5892540910549101,0.0
32060000010888,98,0.5892540910549101,0.0
32060000010888,100,0.5892540910549101,0.0
32060000010888,102,0.5892540910549101,0.0
32060000010888,104,0.5892540910549101,0.0
32060000010888,106,0.5892540910549101,0.0
32060000010888,108,0.5892540910549101,0.0
32060000010888,110,0.5892540910549101,0.0
32060000010888,112,0.5892540910549101,0.0
32060000010888,114,0.5892540910549101,0.0
32060000010888,116,0.5892540910549101,0.0
32060000010888,118,0.5892540910549101,0.0
32060000010888,120,0.5892540910549101,0.0
32060000010888,122,0.5892540910549101,0.0
32060000010888,124,0.5892540910549101,0.0
32060000010888,126,0.5892540910549101,0.0
32060000010888,128,0.5892540910549101,0.0
32060000010888,130,0.5892540910549101,0.0
32060000010888,132,0.5892540910549101,0.0
32060000010888,134,0.5892540910549101,0.0
32060000010888,136,0.5892540910549101,0.0
32060000010888,138,0.5892540910549101,0.0
32060000010888,140,0.5892540910549101,0.0
32060000010888,142,0.5892540910549101,0.0
32060000010888,144,0.5892540910549101,0.0
32060000010888,146,0.5892540910549101,0.0
32060000010888,148,0.5892540910549101,0.0
32060000010888,150,0.5892540910549101,0.0
32060000010888,152,0.5892540910549101,0.0
32060000010888,154,0.5892540910549101,0.0
32060000010888,156,0.5892540910549101,0.0
32060000010888,158,0.5892540910549101,0.0
32060000010888,160,0.5892540910549101,0.0
32060000010888,162,0.5892540910549101,0.0
32060000010888,164,0.5892540910549101,0.0
32060000010888,166,0.5892540910549101,0.0
32060000010888,168,0.5892540910549101,0.0
32060000010888,170,0.5892540910549101,0.0
32060000010888,172,0.5892540910549101,0.0
32060000010888,174,0.5892540910549101,0.0
32060000010888,176,0.5892540910549101,0.0
32060000010888,178,0.5892540910549101,0.0
32060000010888,180,0.5892540910549101,0.0
32060000010888,182,0.5892540910549101,0.0
32060000010888,184,0.5892540910549101,0.0
32060000010888,186,0.5892540910549101,0.0
32060000010888,188,0.5892540910549101,0.0
32060000010888,190,0.5892540910549101,0.0
32060000010888,192,0.5892540910549101,0.0
32060000010888,194,0.5892540910549101,0.0
32060000010888,196,0.5892540910549101,0.0
32060000010888,198,0.5892540910549101,0.0
32060000010888,200,0.5892540910549101,0.0
32060000016652,0,0.5538172415779992,7.764170228963253e-08
32060000016652,2,0.5538172415779992,0.0001348545483729202
32060000016652,4,0.5538172415779992,0.00011519036319918019
32060000016652,6,0.5538172415779992,5.6160550448880464e-05
32060000016652,8,0.5538172415779992,4.1494748454051766e-05
32060000016652,10,0.5538172415779992,2.103679876808151e-05
32060000016652,12,0.5538172415779992,1.657636668694895e-05
32060000016652,14,0.5538172415779992,8.249397159154626e-06
32060000016652,16,0.5538172415779992,4.344043974868761e-06
32060000016652,18,0.5538172415779992,2.5078239358489185e-06
32060000016652,20,0.5538172415779992,1.2810873164514902e-06
32060000016652,22,0.5538172415779992,7.958271623920155e-07
32060000016652,24,0.5538172415779992,4.231472042759421e-07
32060000016652,26,0.5538172415779992,2.173967511565067e-07
32060000016652,28,0.5538172415779992,1.3975505974705982e-07
32060000016652,30,0.5538172415779992,6.599544732921458e-08
32060000016652,32,0.5538172415779992,3.4938766768632945e-08
32060000016652,34,0.5538172415779992,1.9410426155275218e-08
32060000016652,36,0.5538172415779992,1.1646255737574052e-08
32060000016652,38,0.5538172415779992,7.764170528723469e-09
32060000016652,40,0.5538172415779992,3.882085208850583e-09
32060000016652,42,0.5538172415779992,3.882085208850583e-09
32060000016652,44,0.5538172415779992,0.0
32060000016652,46,0.5538172415779992,0.0
32060000016652,48,0.5538172415779992,0.0
32060000016652,50,0.5538172415779992,0.0
32060000016652,52,0.5538172415779992,0.0
32060000016652,54,0.5538172415779992,0.0
32060000016652,56,0.5538172415779992,0.0
32060000016652,58,0.5538172415779992,0.0
32060000016652,60,0.5538172415779992,0.0
32060000016652,62,0.5538172415779992,0.0
32060000016652,64,0.5538172415779992,0.0
32060000016652,66,0.5538172415779992,0.0
32060000016652,68,0.5538172415779992,0.0
32060000016652,70,0.5538172415779992,0.0
32060000016652,72,0.5538172415779992,0.0
32060000016652,74,0.5538172415779992,0.0
32060000016652,76,0.5538172415779992,0.0
32060000016652,78,0.5538172415779992,0.0
32060000016652,80,0.5538172415779992,0.0
32060000016652,82,0.5538172415779992,0.0
32060000016652,84,0.5538172415779992,0.0
32060000016652,86,0.5538172415779992,0.0
32060000016652,88,0.5538172415779992,0.0
32060000016652,90,0.5538172415779992,0.0
32060000016652,92,0.5538172415779992,0.0
32060000016652,94,0.5538172415779992,0.0
32060000016652,96,0.5538172415779992,0.0
32060000016652,98,0.5538172415779992,0.0
32060000016652,100,0.5538172415779992,0.0
32060000016652,102,0.5538172415779992,0.0
32060000016652,104,0.5538172415779992,0.0
32060000016652,106,0.5538172415779992,0.0
32060000016652,108,0.5538172415779992,0.0
32060000016652,110,0.5538172415779992,0.0
32060000016652,112,0.5538172415779992,0.0
32060000016652,114,0.5538172415779992,0.0
32060000016652,116,0.5538172415779992,0.0
32060000016652,118,0.5538172415779992,0.0
32060000016652,120,0.5538172415779992,0.0
32060000016652,122,0.5538172415779992,0.0
32060000016652,124,0.5538172415779992,0.0
32060000016652,126,0.5538172415779992,0.0
32060000016652,128,0.5538172415779992,0.0
32060000016652,130,0.5538172415779992,0.0
32060000016652,132,0.5538172415779992,0.0
32060000016652,134,0.5538172415779992,0.0
32060000016652,136,0.5538172415779992,0.0
32060000016652,138,0.5538172415779992,0.0
32060000016652,140,0.5538172415779992,0.0
32060000016652,142,0.5538172415779992,0.0
32060000016652,144,0.5538172415779992,0.0
32060000016652,146,0.5538172415779992,0.0
32060000016652,148,0.5538172415779992,0.0
32060000016652,150,0.5538172415779992,0.0
32060000016652,152,0.5538172415779992,0.0
32060000016652,154,0.5538172415779992,0.0
32060000016652,156,0.5538172415779992,0.0
32060000016652,158,0.5538172415779992,0.0
32060000016652,160,0.5538172415779992,0.0
32060000016652,162,0.5538172415779992,0.0
32060000016652,164,0.5538172415779992,0.0
32060000016652,166,0.5538172415779992,0.0
32060000016652,168,0.5538172415779992,0.0
32060000016652,170,0.5538172415779992,0.0
32060000016652,172,0.5538172415779992,0.0
32060000016652,174,0.5538172415779992,0.0
32060000016652,176,0.5538172415779992,0.0
32060000016652,178,0.5538172415779992,0.0
32060000016652,180,0.5538172415779992,0.0
32060000016652,182,0.5538172415779992,0.0
32060000016652,184,0.5538172415779992,0.0
32060000016652,186,0.5538172415779992,0.0
32060000016652,188,0.5538172415779992,0.0
32060000016652,190,0.5538172415779992,0.0
32060000016652,192,0.5538172415779992,0.0
32060000016652,194,0.5538172415779992,0.0
32060000016652,196,0.5538172415779992,0.0
32060000016652,198,0.5538172415779992,0.0
32060000016652,200,0.5538172415779992,0.0
32060000030175,0,0.5806770904906073,2.22121009363363e-08
32060000030175,2,0.5806770904906073,1.2957058204143834e-07
32060000030175,4,0.5806770904906073,8.721913705711515e-06
32060000030175,6,0.5806770904906073,4.8987589287508015e-05
32060000030175,8,0.36698573138374063,0.00011322614448594504
32060000030175,10,0.36698573138374063,0.0002540402351276505
32060000030175,12,0.5806770904906073,7.246805627802999e-05
32060000030175,14,0.5806770904906073,4.2587095197221814e-05
32060000030175,16,0.36698573138374063,8.07137864990981e-05
32060000030175,18,0.36698573138374063,4.355634911135109e-05
32060000030175,20,0.36698573138374063,0.0001512428612284733
32060000030175,22,0.5806770904906073,5.995606776254547e-05
32060000030175,24,0.5806770904906073,9.098403129181865e-05
32060000030175,26,0.5806770904906073,7.130940829791488e-05
32060000030175,28,0.36698573138374063,0.00018313146304071992
32060000030175,30,0.36698573138374063,0.0001975129541716969
32060000030175,32,0.36698573138374063,0.00012380928993638296
32060000030175,34,0.5806770904906073,8.423954750580442e-05
32060000030175,36,0.36698573138374063,8.739810873548137e-05
32060000030175,38,0.36698573138374063,0.00013269787291791957
32060000030175,40,0.36698573138374063,0.0001406072381683332
32060000030175,42,0.36698573138374063,0.00011750632206442013
32060000030175,44,0.5806770904906073,8.824108261706876e-05
32060000030175,46,0.36698573138374063,0.00011975780538198144
32060000030175,48,0.36698573138374063,0.00011876691881740342
32060000030175,50,0.5806770904906073,6.052614401619305e-05
32060000030175,52,0.5806770904906073,5.426639279892953e-05
32060000030175,54,0.5806770904906073,4.6651728348945376e-05
32060000030175,56,0.5806770904906073,5.286710538199291e-05
32060000030175,58,0.5806770904906073,7.31565812787105e-05
32060000030175,60,0.36698573138374063,9.272208079358357e-05
32060000030175,62,0.36698573138374063,7.031781759958555e-05
32060000030175,64,0.36698573138374063,7.88726583149657e-05
32060000030175,66,0.36698573138374063,7.798141033299455e-05
32060000030175,68,0.5806770904906073,3.31139926068591e-05
32060000030175,70,0.36698573138374063,5.95288805387284e-05
32060000030175,72,0.5806770904906073,3.1936789532949206e-05
32060000030175,74,0.5806770904906073,6.45536864710694e-05
32060000030175,76,0.5806770904906073,8.08969022927375e-05
32060000030175,78,0.5806770904906073,6.0959253679993e-05
32060000030175,80,0.36698573138374063,8.439603269738694e-05
32060000030175,82,0.36698573138374063,6.421387348576335e-05
32060000030175,84,0.36698573138374063,4.420721716258402e-05
32060000030175,86,0.36698573138374063,6.022664683691392e-05
32060000030175,88,0.36698573138374063,6.124690928710486e-05
32060000030175,90,0.36698573138374063,7.038231632983116e-05
32060000030175,92,0.5806770904906073,6.098886800909309e-05
32060000030175,94,0.36698573138374063,8.750365030718577e-05
32060000030175,96,0.5806770904906073,4.8002900555510486e-05
32060000030175,98,0.5806770904906073,4.4475041612090926e-05
32060000030175,100,0.5806770904906073,3.6823283795506256e-05
32060000030175,102,0.5806770904906073,4.416778783056241e-05
32060000030175,104,0.5806770904906073,4.94688277886679e-05
32060000030175,106,0.5806770904906073,6.10703074096497e-05
32060000030175,108,0.5806770904906073,9.922763876779594e-05
32060000030175,110,0.36698573138374063,0.0002466535286741456
32060000030175,112,0.5806770904906073,0.0001361472095278149
32060000030175,114,0.36698573138374063,0.00023947195618678752
32060000030175,116,0.36698573138374063,0.00019976425733458925
32060000030175,118,0.36698573138374063,0.0001790860817423301
32060000030175,120,0.5806770904906073,0.00011471522043859927
32060000030175,122,0.5806770904906073,9.989023381340445e-05
32060000030175,124,0.36698573138374063,0.00016339688291422405
32060000030175,126,0.36698573138374063,0.00027174465858348373
32060000030175,128,0.36698573138374063,0.00024160591454147617
32060000030175,130,0.36698573138374063,0.00020351055526723894
32060000030175,132,0.36698573138374063,0.00026673820771849766
32060000030175,134,0.36698573138374063,0.00036453533138536276
32060000030175,136,0.36698573138374063,0.00042731905499104883
32060000030175,138,0.36698573138374063,0.00048180540169318054
32060000030175,140,1.3848620891284311,0.00014377611435167914
32060000030175,142,0.5806770904906073,0.00033572396608549937
32060000030175,144,1.3848620891284311,0.00016519583423579842
32060000030175,146,0.36698573138374063,0.000556947844998601
32060000030175,148,0.36698573138374063,0.0007192868717653678
32060000030175,150,0.36698573138374063,0.0005549376340067136
32060000030175,152,0.36698573138374063,0.0005046634622275503
32060000030175,154,0.36698573138374063,0.0005625623487429676
32060000030175,156,0.5806770904906073,0.0003659773358422047
32060000030175,158,0.5806770904906073,0.0003650817752336444
32060000030175,160,0.36698573138374063,0.0007167671908778761
32060000030175,162,1.3848620891284311,0.0001823303523204034
32060000030175,164,0.36698573138374063,0.0007527863043650385
32060000030175,166,1.3848620891284311,0.00021038333756218108
32060000030175,168,1.3848620891284311,0.00033611979309888795
32060000030175,170,0.36698573138374063,0.0012846421765415617
32060000030175,172,0.36698573138374063,0.0010950993627065753
32060000030175,174,1.3848620891284311,0.00043307746934451163
32060000030175,176,0.36698573138374063,0.0019418536365638506
32060000030175,178,1.3848620891284311,0.0005681046374342857
32060000030175,180,0.36698573138374063,0.001910132330139036
32060000030175,182,0.36698573138374063,0.0015910840117954184
32060000030175,184,0.5806770904906073,0.001466965146374899
32060000030175,186,0.36698573138374063,0.002625319853485353
32060000030175,188,0.5806770904906073,0.0017544146613122091
32060000030175,190,0.36698573138374063,0.002400669729017979
32060000030175,192,0.36698573138374063,0.0022500538152672167
32060000030175,194,0.36698573138374063,0.002168163507759724
32060000030175,196,0.36698573138374063,0.0027730722399619268
32060000030175,198,1.3848620891284311,0.0008548657851064068
32060000030175,200,0.5806770904906073,0.0021400935053357273
32060000041863,0,0.5235944674526745,8.213575608539969e-08
32060000041863,2,0.5235944674526763,0.0004973766690208326
32060000041863,4,0.5235944674526763,0.0002891499835586675
32060000041863,6,0.5235944674526763,0.00015432528943626345
32060000041863,8,0.5235944674526763,8.133162820678219e-05
32060000041863,10,0.5235944674526763,4.341191333689931e-05
32060000041863,12,0.5235944674526763,2.251315824242095e-05
32060000041863,14,0.5235944674526763,1.1383951463161956e-05
32060000041863,16,0.5235944674526763,5.498973976281185e-06
32060000041863,18,0.5235944674526763,2.6981560581340602e-06
32060000041863,20,0.5235944674526763,1.4045205003476724e-06
32060000041863,22,0.5235944674526763,9.034929459028618e-07
32060000041863,24,0.5235944674526763,5.174551507280967e-07
32060000041863,26,0.5235944674526763,2.546208218712209e-07
32060000041863,28,0.5235944674526763,1.3963078138168328e-07
32060000041863,30,0.5235944674526763,6.981539313333229e-08
32060000041863,32,0.5235944674526763,4.1067878875367114e-08
32060000041863,34,0.5235944674526763,2.4640727569469334e-08
32060000041863,36,0.5235944674526763,1.2320363840245818e-08
32060000041863,38,0.5235944674526763,8.213575930504646e-09
32060000041863,40,0.5235944674526763,4.106787909741172e-09
32060000041863,42,0.5235944674526763,4.106787909741172e-09
32060000041863,44,0.5235944674526763,0.0
32060000041863,46,0.5235944674526763,0.0
32060000041863,48,0.5235944674526763,0.0
32060000041863,50,0.5235944674526763,0.0
32060000041863,52,0.5235944674526763,0.0
32060000041863,54,0.5235944674526763,0.0
32060000041863,56,0.5235944674526763,0.0
32060000041863,58,0.5235944674526763,0.0
32060000041863,60,0.5235944674526763,0.0
32060000041863,62,0.5235944674526763,0.0
32060000041863,64,0.5235944674526763,0.0
32060000041863,66,0.5235944674526763,0.0
32060000041863,68,0.5235944674526763,0.0
32060000041863,70,0.5235944674526763,0.0
32060000041863,72,0.5235944674526763,0.0
32060000041863,74,0.5235944674526763,0.0
32060000041863,76,0.5235944674526763,0.0
32060000041863,78,0.5235944674526763,0.0
32060000041863,80,0.5235944674526763,0.0
32060000041863,82,0.5235944674526763,0.0
32060000041863,84,0.5235944674526763,0.0
32060000041863,86,0.5235944674526763,0.0
32060000041863,88,0.5235944674526763,0.0
32060000041863,90,0.5235944674526763,0.0
32060000041863,92,0.5235944674526763,0.0
32060000041863,94,0.5235944674526763,0.0
32060000041863,96,0.5235944674526763,0.0
32060000041863,98,0.5235944674526763,0.0
32060000041863,100,0.5235944674526763,0.0
32060000041863,102,0.5235944674526763,0.0
32060000041863,104,0.5235944674526763,0.0
32060000041863,106,0.5235944674526763,0.0
32060000041863,108,0.5235944674526763,0.0
32060000041863,110,0.5235944674526763,0.0
32060000041863,112,0.5235944674526763,0.0
32060000041863,114,0.5235944674526763,0.0
32060000041863,116,0.5235944674526763,0.0
32060000041863,118,0.5235944674526763,0.0
32060000041863,120,0.5235944674526763,0.0
32060000041863,122,0.5235944674526763,0.0
32060000041863,124,0.5235944674526763,0.0
32060000041863,126,0.5235944674526763,0.0
32060000041863,128,0.5235944674526763,0.0
32060000041863,130,0.5235944674526763,0.0
32060000041863,132,0.5235944674526763,0.0
32060000041863,134,0.5235944674526763,0.0
32060000041863,136,0.5235944674526763,0.0
32060000041863,138,0.5235944674526763,0.0
32060000041863,140,0.5235944674526763,0.0
32060000041863,142,0.5235944674526763,0.0
32060000041863,144,0.5235944674526763,0.0
32060000041863,146,0.5235944674526763,0.0
32060000041863,148,0.5235944674526763,0.0
32060000041863,150,0.5235944674526763,0.0
32060000041863,152,0.5235944674526763,0.0
32060000041863,154,0.5235944674526763,0.0
32060000041863,156,0.5235944674526763,0.0
32060000041863,158,0.5235944674526763,0.0
32060000041863,160,0.5235944674526763,0.0
32060000041863,162,0.5235944674526763,0.0
32060000041863,164,0.5235944674526763,0.0
32060000041863,166,0.5235944674526763,0.0
32060000041863,168,0.5235944674526763,0.0
32060000041863,170,0.5235944674526763,0.0
32060000041863,172,0.5235944674526763,0.0
32060000041863,174,0.5235944674526763,0.0
32060000041863,176,0.5235944674526763,0.0
32060000041863,178,0.5235944674526763,0.0
32060000041863,180,0.5235944674526763,0.0
32060000041863,182,0.5235944674526763,0.0
32060000041863,184,0.5235944674526763,0.0
32060000041863,186,0.5235944674526763,0.0
32060000041863,188,0.5235944674526763,0.0
32060000041863,190,0.5235944674526763,0.0
32060000041863,192,0.5235944674526763,0.0
32060000041863,194,0.5235944674526763,0.0
32060000041863,196,0.5235944674526763,0.0
32060000041863,198,0.5235944674526763,0.0
32060000041863,200,0.5235944674526763,0.0
32060000045930,0,0.5452971126047609,0.0
32060000045930,2,0.5452971126047609,3.469755160523391e-06
32060000045930,4,0.5452971126047609,1.427332557701888e-06
32060000045930,6,0.5452971126047609,5.835505736406787e-07
32060000045930,8,0.5452971126047609,2.484033263527863e-07
32060000045930,10,0.5452971126047609,1.0251566595620432e-07
32060000045930,12,0.5452971126047609,4.3372013758258277e-08
32060000045930,14,0.5452971126047609,1.5771641548312232e-08
32060000045930,16,0.5452971126047609,7.885820885178418e-09
32060000045930,18,0.5452971126047609,3.942910442589209e-09
32060000045930,20,0.5452971126047609,0.0
32060000045930,22,0.5452971126047609,0.0
32060000045930,24,0.5452971126047609,0.0
32060000045930,26,0.5452971126047609,0.0
32060000045930,28,0.5452971126047609,0.0
32060000045930,30,0.5452971126047609,0.0
32060000045930,32,0.5452971126047609,0.0
32060000045930,34,0.5452971126047609,0.0
32060000045930,36,0.5452971126047609,0.0
32060000045930,38,0.5452971126047609,0.0
32060000045930,40,0.5452971126047609,0.0
32060000045930,42,0.5452971126047609,0.0
32060000045930,44,0.5452971126047609,0.0
32060000045930,46,0.5452971126047609,0.0
32060000045930,48,0.5452971126047609,0.0
32060000045930,50,0.5452971126047609,0.0
32060000045930,52,0.5452971126047609,0.0
32060000045930,54,0.5452971126047609,0.0
32060000045930,56,0.5452971126047609,0.0
32060000045930,58,0.5452971126047609,0.0
32060000045930,60,0.5452971126047609,0.0
32060000045930,62,0.5452971126047609,0.0
32060000045930,64,0.5452971126047609,0.0
32060000045930,66,0.5452971126047609,0.0
32060000045930,68,0.5452971126047609,0.0
32060000045930,70,0.5452971126047609,0.0
32060000045930,72,0.5452971126047609,0.0
32060000045930,74,0.5452971126047609,0.0
32060000045930,76,0.5452971126047609,0.0
32060000045930,78,0.5452971126047609,0.0
32060000045930,80,0.5452971126047609,0.0
32060000045930,82,0.5452971126047609,0.0
32060000045930,84,0.5452971126047609,0.0
32060000045930,86,0.5452971126047609,0.0
32060000045930,88,0.5452971126047609,0.0
32060000045930,90,0.5452971126047609,0.0
32060000045930,92,0.5452971126047609,0.0
32060000045930,94,0.5452971126047609,0.0
32060000045930,96,0.5452971126047609,0.0
32060000045930,98,0.5452971126047609,0.0
32060000045930,100,0.5452971126047609,0.0
32060000045930,102,0.5452971126047609,0.0
32060000045930,104,0.5452971126047609,0.0
32060000045930,106,0.5452971126047609,0.0
32060000045930,108,0.5452971126047609,0.0
32060000045930,110,0.5452971126047609,0.0
32060000045930,112,0.5452971126047609,0.0
32060000045930,114,0.5452971126047609,0.0
32060000045930,116,0.5452971126047609,0.0
32060000045930,118,0.5452971126047609,0.0
32060000045930,120,0.5452971126047609,0.0
32060000045930,122,0.5452971126047609,0.0
32060000045930,124,0.5452971126047609,0.0
32060000045930,126,0.5452971126047609,0.0
32060000045930,128,0.5452971126047609,0.0
32060000045930,130,0.5452971126047609,0.0
32060000045930,132,0.5452971126047609,0.0
32060000045930,134,0.5452971126047609,0.0
32060000045930,136,0.5452971126047609,0.0
32060000045930,138,0.5452971126047609,0.0
32060000045930,140,0.5452971126047609,0.0
32060000045930,142,0.5452971126047609,0.0
32060000045930,144,0.5452971126047609,0.0
32060000045930,146,0.5452971126047609,0.0
32060000045930,148,0.5452971126047609,0.0
32060000045930,150,0.5452971126047609,0.0
32060000045930,152,0.5452971126047609,0.0
32060000045930,154,0.5452971126047609,0.0
32060000045930,156,0.5452971126047609,0.0
32060000045930,158,0.5452971126047609,0.0
32060000045930,160,0.5452971126047609,0.0
32060000045930,162,0.5452971126047609,0.0
32060000045930,164,0.5452971126047609,0.0
32060000045930,166,0.5452971126047609,0.0
32060000045930,168,0.5452971126047609,0.0
32060000045930,170,0.5452971126047609,0.0
32060000045930,172,0.5452971126047609,0.0
32060000045930,174,0.5452971126047609,0.0
32060000045930,176,0.5452971126047609,0.0
32060000045930,178,0.5452971126047609,0.0
32060000045930,180,0.5452971126047609,0.0
32060000045930,182,0.5452971126047609,0.0
32060000045930,184,0.5452971126047609,0.0
32060000045930,186,0.5452971126047609,0.0
32060000045930,188,0.5452971126047609,0.0
32060000045930,190,0.5452971126047609,0.0
32060000045930,192,0.5452971126047609,0.0
32060000045930,194,0.5452971126047609,0.0
32060000045930,196,0.5452971126047609,0.0
32060000045930,198,0.5452971126047609,0.0
32060000045930,200,0.5452971126047609,0.0
32060000048316,0,0.463347184293341,1.2232070704221163e-05
32060000048316,2,0.463347184293341,7.361298819319462e-05
32060000048316,4,0.463347184293341,3.2397252640037344e-05
32060000048316,6,0.463347184293341,1.4441719133784225e-05
32060000048316,8,0.463347184293341,6.424757120204738e-06
32060000048316,10,0.463347184293341,2.7853043981229675e-06
32060000048316,12,0.463347184293341,1.2301770656586442e-06
32060000048316,14,0.463347184293341,5.477771444217794e-07
32060000048316,16,0.463347184293341,2.413933548606195e-07
32060000048316,18,0.463347184293341,1.0677014494753223e-07
32060000048316,20,0.463347184293341,4.642180351233094e-08
32060000048316,22,0.463347184293341,1.85687216713859e-08
32060000048316,24,0.463347184293341,9.28436083569295e-09
32060000048316,26,0.463347184293341,4.642180417846475e-09
32060000048316,28,0.463347184293341,0.0
32060000048316,30,0.463347184293341,0.0
32060000048316,32,0.463347184293341,0.0
32060000048316,34,0.463347184293341,0.0
32060000048316,36,0.463347184293341,0.0
32060000048316,38,0.463347184293341,0.0
32060000048316,40,0.463347184293341,0.0
32060000048316,42,0.463347184293341,0.0
32060000048316,44,0.463347184293341,0.0
32060000048316,46,0.463347184293341,0.0
32060000048316,48,0.463347184293341,0.0
32060000048316,50,0.463347184293341,0.0
32060000048316,52,0.463347184293341,0.0
32060000048316,54,0.463347184293341,0.0
32060000048316,56,0.463347184293341,0.0
32060000048316,58,0.463347184293341,0.0
32060000048316,60,0.463347184293341,0.0
32060000048316,62,0.463347184293341,0.0
32060000048316,64,0.463347184293341,0.0
32060000048316,66,0.463347184293341,0.0
32060000048316,68,0.463347184293341,0.0
32060000048316,70,0.463347184293341,0.0
32060000048316,72,0.463347184293341,0.0
32060000048316,74,0.463347184293341,0.0
32060000048316,76,0.463347184293341,0.0
32060000048316,78,0.463347184293341,0.0
32060000048316,80,0.463347184293341,0.0
32060000048316,82,0.463347184293341,0.0
32060000048316,84,0.463347184293341,0.0
32060000048316,86,0.463347184293341,0.0
32060000048316,88,0.463347184293341,0.0
32060000048316,90,0.463347184293341,0.0
32060000048316,92,0.463347184293341,0.0
32060000048316,94,0.463347184293341,0.0
32060000048316,96,0.463347184293341,0.0
32060000048316,98,0.463347184293341,0.0
32060000048316,100,0.463347184293341,0.0
32060000048316,102,0.463347184293341,0.0
32060000048316,104,0.463347184293341,0.0
32060000048316,106,0.463347184293341,0.0
32060000048316,108,0.463347184293341,0.0
32060000048316,110,0.463347184293341,0.0
32060000048316,112,0.463347184293341,0.0
32060000048316,114,0.463347184293341,0.0
32060000048316,116,0.463347184293341,0.0
32060000048316,118,0.463347184293341,0.0
32060000048316,120,0.463347184293341,0.0
32060000048316,122,0.463347184293341,0.0
32060000048316,124,0.463347184293341,0.0
32060000048316,126,0.463347184293341,0.0
32060000048316,128,0.463347184293341,0.0
32060000048316,130,0.463347184293341,0.0
32060000048316,132,0.463347184293341,0.0
32060000048316,134,0.463347184293341,0.0
32060000048316,136,0.463347184293341,0.0
32060000048316,138,0.463347184293341,0.0
32060000048316,140,0.463347184293341,0.0
32060000048316,142,0.463347184293341,0.0
32060000048316,144,0.463347184293341,0.0
32060000048316,146,0.463347184293341,0.0
32060000048316,148,0.463347184293341,0.0
32060000048316,150,0.463347184293341,0.0
32060000048316,152,0.463347184293341,0.0
32060000048316,154,0.463347184293341,0.0
32060000048316,156,0.463347184293341,0.0
32060000048316,158,0.463347184293341,0.0
32060000048316,160,0.463347184293341,0.0
32060000048316,162,0.463347184293341,0.0
32060000048316,164,0.463347184293341,0.0
32060000048316,166,0.463347184293341,0.0
32060000048316,168,0.463347184293341,0.0
32060000048316,170,0.463347184293341,0.0
32060000048316,172,0.463347184293341,0.0
32060000048316,174,0.463347184293341,0.0
32060000048316,176,0.463347184293341,0.0
32060000048316,178,0.463347184293341,0.0
32060000048316,180,0.463347184293341,0.0
32060000048316,182,0.463347184293341,0.0
32060000048316,184,0.463347184293341,0.0
32060000048316,186,0.463347184293341,0.0
32060000048316,188,0.463347184293341,0.0
32060000048316,190,0.463347184293341,0.0
32060000048316,192,0.463347184293341,0.0
32060000048316,194,0.463347184293341,0.0
32060000048316,196,0.463347184293341,0.0
32060000048316,198,0.463347184293341,0.0
32060000048316,200,0.463347184293341,0.0
32060000048467,0,0.4848703632404536,4.435637745991983e-09
32060000048467,2,0.48487036324045196,1.0778593818594473e-06
32060000048467,4,0.48487036324045196,4.213854933876604e-07
32060000048467,6,0.48487036324045196,1.7298985555136426e-07
32060000048467,8,0.48487036324045196,6.653456341432218e-08
32060000048467,10,0.48487036324045196,2.6613825920840384e-08
32060000048467,12,0.48487036324045196,1.3306913015931343e-08
32060000048467,14,0.48487036324045196,4.435637745991983e-09
32060000048467,16,0.48487036324045196,0.0
32060000048467,18,0.48487036324045196,0.0
32060000048467,20,0.48487036324045196,0.0
32060000048467,22,0.48487036324045196,0.0
32060000048467,24,0.48487036324045196,0.0
32060000048467,26,0.48487036324045196,0.0
32060000048467,28,0.48487036324045196,0.0
32060000048467,30,0.48487036324045196,0.0
32060000048467,32,0.48487036324045196,0.0
32060000048467,34,0.48487036324045196,0.0
32060000048467,36,0.48487036324045196,0.0
32060000048467,38,0.48487036324045196,0.0
32060000048467,40,0.48487036324045196,0.0
32060000048467,42,0.48487036324045196,0.0
32060000048467,44,0.48487036324045196,0.0
32060000048467,46,0.48487036324045196,0.0
32060000048467,48,0.48487036324045196,0.0
32060000048467,50,0.48487036324045196,0.0
32060000048467,52,0.48487036324045196,0.0
32060000048467,54,0.48487036324045196,0.0
32060000048467,56,0.48487036324045196,0.0
32060000048467,58,0.48487036324045196,0.0
32060000048467,60,0.48487036324045196,0.0
32060000048467,62,0.48487036324045196,0.0
32060000048467,64,0.48487036324045196,0.0
32060000048467,66,0.48487036324045196,0.0
32060000048467,68,0.48487036324045196,0.0
32060000048467,70,0.48487036324045196,0.0
32060000048467,72,0.48487036324045196,0.0
32060000048467,74,0.48487036324045196,0.0
32060000048467,76,0.48487036324045196,0.0
32060000048467,78,0.48487036324045196,0.0
32060000048467,80,0.48487036324045196,0.0
32060000048467,82,0.48487036324045196,0.0
32060000048467,84,0.48487036324045196,0.0
32060000048467,86,0.48487036324045196,0.0
32060000048467,88,0.48487036324045196,0.0
32060000048467,90,0.48487036324045196,0.0
32060000048467,92,0.48487036324045196,0.0
32060000048467,94,0.48487036324045196,0.0
32060000048467,96,0.48487036324045196,0.0
32060000048467,98,0.48487036324045196,0.0
32060000048467,100,0.48487036324045196,0.0
32060000048467,102,0.48487036324045196,0.0
32060000048467,104,0.48487036324045196,0.0
32060000048467,106,0.48487036324045196,0.0
32060000048467,108,0.48487036324045196,0.0
32060000048467,110,0.48487036324045196,0.0
32060000048467,112,0.48487036324045196,0.0
32060000048467,114,0.48487036324045196,0.0
32060000048467,116,0.48487036324045196,0.0
32060000048467,118,0.48487036324045196,0.0
32060000048467,120,0.48487036324045196,0.0
32060000048467,122,0.48487036324045196,0.0
32060000048467,124,0.48487036324045196,0.0
32060000048467,126,0.48487036324045196,0.0
32060000048467,128,0.48487036324045196,0.0
32060000048467,130,0.48487036324045196,0.0
32060000048467,132,0.48487036324045196,0.0
32060000048467,134,0.48487036324045196,0.0
32060000048467,136,0.48487036324045196,0.0
32060000048467,138,0.48487036324045196,0.0
32060000048467,140,0.48487036324045196,0.0
32060000048467,142,0.48487036324045196,0.0
32060000048467,144,0.48487036324045196,0.0
32060000048467,146,0.48487036324045196,0.0
32060000048467,148,0.48487036324045196,0.0
32060000048467,150,0.48487036324045196,0.0
32060000048467,152,0.48487036324045196,0.0
32060000048467,154,0.48487036324045196,0.0
32060000048467,156,0.48487036324045196,0.0
32060000048467,158,0.48487036324045196,0.0
32060000048467,160,0.48487036324045196,0.0
32060000048467,162,0.48487036324045196,0.0
32060000048467,164,0.48487036324045196,0.0
32060000048467,166,0.48487036324045196,0.0
32060000048467,168,0.48487036324045196,0.0
32060000048467,170,0.48487036324045196,0.0
32060000048467,172,0.48487036324045196,0.0
32060000048467,174,0.48487036324045196,0.0
32060000048467,176,0.48487036324045196,0.0
32060000048467,178,0.48487036324045196,0.0
32060000048467,180,0.48487036324045196,0.0
32060000048467,182,0.48487036324045196,0.0
32060000048467,184,0.48487036324045196,0.0
32060000048467,186,0.48487036324045196,0.0
32060000048467,188,0.48487036324045196,0.0
32060000048467,190,0.48487036324045196,0.0
32060000048467,192,0.48487036324045196,0.0
32060000048467,194,0.48487036324045196,0.0
32060000048467,196,0.48487036324045196,0.0
32060000048467,198,0.48487036324045196,0.0
32060000048467,200,0.48487036324045196,0.0
32060000051885,0,0.5319040512186556,1.8999571260724935e-07
32060000051885,2,0.5319040512186556,3.6099123676969214e-06
32060000051885,4,0.5319040512186556,1.7867667648774344e-06
32060000051885,6,0.5319040512186556,7.801949302166378e-07
32060000051885,8,0.5319040512186556,3.5169416312541557e-07
32060000051885,10,0.5319040512186556,1.697834045577551e-07
32060000051885,12,0.5319040512186556,7.680678182353518e-08
32060000051885,14,0.5319040512186556,3.233969836369255e-08
32060000051885,16,0.5319040512186556,1.6169849237357425e-08
32060000051885,18,0.5319040512186556,8.084924729701015e-09
32060000051885,20,0.5319040512186556,4.0424623648505076e-09
32060000051885,22,0.5319040512186556,0.0
32060000051885,24,0.5319040512186556,0.0
32060000051885,26,0.5319040512186556,0.0
32060000051885,28,0.5319040512186556,0.0
32060000051885,30,0.5319040512186556,0.0
32060000051885,32,0.5319040512186556,0.0
32060000051885,34,0.5319040512186556,0.0
32060000051885,36,0.5319040512186556,0.0
32060000051885,38,0.5319040512186556,0.0
32060000051885,40,0.5319040512186556,0.0
32060000051885,42,0.5319040512186556,0.0
32060000051885,44,0.5319040512186556,0.0
32060000051885,46,0.5319040512186556,0.0
32060000051885,48,0.5319040512186556,0.0
32060000051885,50,0.5319040512186556,0.0
32060000051885,52,0.5319040512186556,0.0
32060000051885,54,0.5319040512186556,0.0
32060000051885,56,0.5319040512186556,0.0
32060000051885,58,0.5319040512186556,0.0
32060000051885,60,0.5319040512186556,0.0
32060000051885,62,0.5319040512186556,0.0
32060000051885,64,0.5319040512186556,0.0
32060000051885,66,0.5319040512186556,0.0
32060000051885,68,0.5319040512186556,0.0
32060000051885,70,0.5319040512186556,0.0
32060000051885,72,0.5319040512186556,0.0
32060000051885,74,0.5319040512186556,0.0
32060000051885,76,0.5319040512186556,0.0
32060000051885,78,0.5319040512186556,0.0
32060000051885,80,0.5319040512186556,0.0
32060000051885,82,0.5319040512186556,0.0
32060000051885,84,0.5319040512186556,0.0
32060000051885,86,0.5319040512186556,0.0
32060000051885,88,0.5319040512186556,0.0
32060000051885,90,0.5319040512186556,0.0
32060000051885,92,0.5319040512186556,0.0
32060000051885,94,0.5319040512186556,0.0
32060000051885,96,0.5319040512186556,0.0
32060000051885,98,0.5319040512186556,0.0
32060000051885,100,0.5319040512186556,0.0
32060000051885,102,0.5319040512186556,0.0
32060000051885,104,0.5319040512186556,0.0
32060000051885,106,0.5319040512186556,0.0
32060000051885,108,0.5319040512186556,0.0
32060000051885,110,0.5319040512186556,0.0
32060000051885,112,0.5319040512186556,0.0
32060000051885,114,0.5319040512186556,0.0
32060000051885,116,0.5319040512186556,0.0
32060000051885,118,0.5319040512186556,0.0
32060000051885,120,0.5319040512186556,0.0
32060000051885,122,0.5319040512186556,0.0
32060000051885,124,0.5319040512186556,0.0
32060000051885,126,0.5319040512186556,0.0
32060000051885,128,0.5319040512186556,0.0
32060000051885,130,0.5319040512186556,0.0
32060000051885,132,0.5319040512186556,0.0
32060000051885,134,0.5319040512186556,0.0
32060000051885,136,0.5319040512186556,0.0
32060000051885,138,0.5319040512186556,0.0
32060000051885,140,0.5319040512186556,0.0
32060000051885,142,0.5319040512186556,0.0
32060000051885,144,0.5319040512186556,0.0
32060000051885,146,0.5319040512186556,0.0
32060000051885,148,0.5319040512186556,0.0
32060000051885,150,0.5319040512186556,0.0
32060000051885,152,0.5319040512186556,0.0
32060000051885,154,0.5319040512186556,0.0
32060000051885,156,0.5319040512186556,0.0
32060000051885,158,0.5319040512186556,0.0
32060000051885,160,0.5319040512186556,0.0
32060000051885,162,0.5319040512186556,0.0
32060000051885,164,0.5319040512186556,0.0
32060000051885,166,0.5319040512186556,0.0
32060000051885,168,0.5319040512186556,0.0
32060000051885,170,0.5319040512186556,0.0
32060000051885,172,0.5319040512186556,0.0
32060000051885,174,0.5319040512186556,0.0
32060000051885,176,0.5319040512186556,0.0
32060000051885,178,0.5319040512186556,0.0
32060000051885,180,0.5319040512186556,0.0
32060000051885,182,0.5319040512186556,0.0
32060000051885,184,0.5319040512186556,0.0
32060000051885,186,0.5319040512186556,0.0
32060000051885,188,0.5319040512186556,0.0
32060000051885,190,0.5319040512186556,0.0
32060000051885,192,0.5319040512186556,0.0
32060000051885,194,0.5319040512186556,0.0
32060000051885,196,0.5319040512186556,0.0
32060000051885,198,0.5319040512186556,0.0
32060000051885,200,0.5319040512186556,0.0
32060000052092,0,0.6024396546568153,1.926663154572239e-07
32060000052092,2,0.6024396546568153,0.00010601794973785772
32060000052092,4,0.6024396546568153,4.566087867552415e-05
32060000052092,6,0.6024396546568153,1.8959614690894355e-05
32060000052092,8,0.6024396546568153,9.419198636062553e-06
32060000052092,10,0.6024396546568153,4.352822517539323e-06
32060000052092,12,0.6024396546568153,2.0015871337042412e-06
32060000052092,14,0.6024396546568153,1.298712963837545e-06
32060000052092,16,0.6024396546568153,5.92270407051565e-07
32060000052092,18,0.6024396546568153,2.7115998890714366e-07
32060000052092,20,0.6024396546568153,1.2130842519386675e-07
32060000052092,22,0.6024396546568153,5.351842469192292e-08
32060000052092,24,0.6024396546568153,2.4975265189297602e-08
32060000052092,26,0.6024396546568153,1.0703685160429188e-08
32060000052092,28,0.6024396546568153,7.135790069945358e-09
32060000052092,30,0.6024396546568153,3.5678950904838302e-09
32060000052092,32,0.6024396546568153,0.0
32060000052092,34,0.6024396546568153,0.0
32060000052092,36,0.6024396546568153,0.0
32060000052092,38,0.6024396546568153,0.0
32060000052092,40,0.6024396546568153,0.0
32060000052092,42,0.6024396546568153,0.0
32060000052092,44,0.6024396546568153,0.0
32060000052092,46,0.6024396546568153,0.0
32060000052092,48,0.6024396546568153,0.0
32060000052092,50,0.6024396546568153,0.0
32060000052092,52,0.6024396546568153,0.0
32060000052092,54,0.6024396546568153,0.0
32060000052092,56,0.6024396546568153,0.0
32060000052092,58,0.6024396546568153,0.0
32060000052092,60,0.6024396546568153,0.0
32060000052092,62,0.6024396546568153,0.0
32060000052092,64,0.6024396546568153,0.0
32060000052092,66,0.6024396546568153,0.0
32060000052092,68,0.6024396546568153,0.0
32060000052092,70,0.6024396546568153,0.0
32060000052092,72,0.6024396546568153,0.0
32060000052092,74,0.6024396546568153,0.0
32060000052092,76,0.6024396546568153,0.0
32060000052092,78,0.6024396546568153,0.0
32060000052092,80,0.6024396546568153,0.0
32060000052092,82,0.6024396546568153,0.0
32060000052092,84,0.6024396546568153,0.0
32060000052092,86,0.6024396546568153,0.0
32060000052092,88,0.6024396546568153,0.0
32060000052092,90,0.6024396546568153,0.0
32060000052092,92,0.6024396546568153,0.0
32060000052092,94,0.6024396546568153,0.0
32060000052092,96,0.6024396546568153,0.0
32060000052092,98,0.6024396546568153,0.0
32060000052092,100,0.6024396546568153,0.0
32060000052092,102,0.6024396546568153,0.0
32060000052092,104,0.6024396546568153,0.0
32060000052092,106,0.6024396546568153,0.0
32060000052092,108,0.6024396546568153,0.0
32060000052092,110,0.6024396546568153,0.0
32060000052092,112,0.6024396546568153,0.0
32060000052092,114,0.6024396546568153,0.0
32060000052092,116,0.6024396546568153,0.0
32060000052092,118,0.6024396546568153,0.0
32060000052092,120,0.6024396546568153,0.0
32060000052092,122,0.6024396546568153,0.0
32060000052092,124,0.6024396546568153,0.0
32060000052092,126,0.6024396546568153,0.0
32060000052092,128,0.6024396546568153,0.0
32060000052092,130,0.6024396546568153,0.0
32060000052092,132,0.6024396546568153,0.0
32060000052092,134,0.6024396546568153,0.0
32060000052092,136,0.6024396546568153,0.0
32060000052092,138,0.6024396546568153,0.0
32060000052092,140,0.6024396546568153,0.0
32060000052092,142,0.6024396546568153,0.0
32060000052092,144,0.6024396546568153,0.0
32060000052092,146,0.6024396546568153,0.0
32060000052092,148,0.6024396546568153,0.0
32060000052092,150,0.6024396546568153,0.0
32060000052092,152,0.6024396546568153,0.0
32060000052092,154,0.6024396546568153,0.0
32060000052092,156,0.6024396546568153,0.0
32060000052092,158,0.6024396546568153,0.0
32060000052092,160,0.6024396546568153,0.0
32060000052092,162,0.6024396546568153,0.0
32060000052092,164,0.6024396546568153,0.0
32060000052092,166,0.6024396546568153,0.0
32060000052092,168,0.6024396546568153,0.0
32060000052092,170,0.6024396546568153,0.0
32060000052092,172,0.6024396546568153,0.0
32060000052092,174,0.6024396546568153,0.0
32060000052092,176,0.6024396546568153,0.0
32060000052092,178,0.6024396546568153,0.0
32060000052092,180,0.6024396546568153,0.0
32060000052092,182,0.6024396546568153,0.0
32060000052092,184,0.6024396546568153,0.0
32060000052092,186,0.6024396546568153,0.0
32060000052092,188,0.6024396546568153,0.0
32060000052092,190,0.6024396546568153,0.0
32060000052092,192,0.6024396546568153,0.0
32060000052092,194,0.6024396546568153,0.0
32060000052092,196,0.6024396546568153,0.0
32060000052092,198,0.6024396546568153,0.0
32060000052092,200,0.6024396546568153,0.0
32060000067235,0,0.519372024926939,0.0002547676637004
32060000067235,2,0.519372024926939,0.00010278504972960345
32060000067235,4,0.519372024926939,3.891358348129259e-05
32060000067235,6,0.519372024926939,2.0767348205219527e-05
32060000067235,8,0.519372024926939,1.0300923591444189e-05
32060000067235,10,0.519372024926939,5.614182123192535e-06
32060000067235,12,0.519372024926939,2.61250312427741e-06
32060000067235,14,0.519372024926939,1.4283900341416356e-06
32060000067235,16,0.519372024926939,8.860160874979428e-07
32060000067235,18,0.519372024926939,2.939586954964213e-07
32060000067235,20,0.519372024926939,1.7389106976573032e-07
32060000067235,22,0.519372024926939,1.1592738313748185e-07
32060000067235,24,0.519372024926939,5.7963693289586615e-08
32060000067235,26,0.519372024926939,2.4841583234902487e-08
32060000067235,28,0.519372024926939,1.2420791728473546e-08
32060000067235,30,0.519372024926939,8.280527818982364e-09
32060000067235,32,0.519372024926939,4.140263909491182e-09
32060000067235,34,0.519372024926939,4.140263909491182e-09
32060000067235,36,0.519372024926939,0.0
32060000067235,38,0.519372024926939,0.0
32060000067235,40,0.519372024926939,0.0
32060000067235,42,0.519372024926939,0.0
32060000067235,44,0.519372024926939,0.0
32060000067235,46,0.519372024926939,0.0
32060000067235,48,0.519372024926939,0.0
32060000067235,50,0.519372024926939,0.0
32060000067235,52,0.519372024926939,0.0
32060000067235,54,0.519372024926939,0.0
32060000067235,56,0.519372024926939,0.0
32060000067235,58,0.519372024926939,0.0
32060000067235,60,0.519372024926939,0.0
32060000067235,62,0.519372024926939,0.0
32060000067235,64,0.519372024926939,0.0
32060000067235,66,0.519372024926939,0.0
32060000067235,68,0.519372024926939,0.0
32060000067235,70,0.519372024926939,0.0
32060000067235,72,0.519372024926939,0.0
32060000067235,74,0.519372024926939,0.0
32060000067235,76,0.519372024926939,0.0
32060000067235,78,0.519372024926939,0.0
32060000067235,80,0.519372024926939,0.0
32060000067235,82,0.519372024926939,0.0
32060000067235,84,0.519372024926939,0.0
32060000067235,86,0.519372024926939,0.0
32060000067235,88,0.519372024926939,0.0
32060000067235,90,0.519372024926939,0.0
32060000067235,92,0.519372024926939,0.0
32060000067235,94,0.519372024926939,0.0
32060000067235,96,0.519372024926939,0.0
32060000067235,98,0.5193994016956386,0.0
32060000067235,100,0.5193994016956386,0.0
32060000067235,102,0.5193994016956386,0.0
32060000067235,104,0.5193994016956386,0.0
32060000067235,106,0.5193994016956386,0.0
32060000067235,108,0.5193994016956386,0.0
32060000067235,110,0.5193994016956386,0.0
32060000067235,112,0.5193994016956386,0.0
32060000067235,114,0.5193994016956386,0.0
32060000067235,116,0.5193994016956386,0.0
32060000067235,118,0.5193994016956386,0.0
32060000067235,120,0.5193994016956386,0.0
32060000067235,122,0.5193994016956386,0.0
32060000067235,124,0.5193994016956386,0.0
32060000067235,126,0.5193994016956386,0.0
32060000067235,128,0.5193994016956386,0.0
32060000067235,130,0.5193994016956386,0.0
32060000067235,132,0.5193994016956386,0.0
32060000067235,134,0.5193994016956386,0.0
32060000067235,136,0.5193994016956386,0.0
32060000067235,138,0.5193994016956386,0.0
32060000067235,140,0.5193994016956386,0.0
32060000067235,142,0.5193994016956386,0.0
32060000067235,144,0.5193994016956386,0.0
32060000067235,146,0.5193994016956386,0.0
32060000067235,148,0.5193994016956386,0.0
32060000067235,150,0.5193994016956386,0.0
32060000067235,152,0.5193994016956386,0.0
32060000067235,154,0.5193994016956386,0.0
32060000067235,156,0.5193994016956386,0.0
32060000067235,158,0.5193994016956386,0.0
32060000067235,160,0.5193994016956386,0.0
32060000067235,162,0.5193994016956386,0.0
32060000067235,164,0.5193994016956386,0.0
32060000067235,166,0.5193994016956386,0.0
32060000067235,168,0.5193994016956386,0.0
32060000067235,170,0.5193994016956386,0.0
32060000067235,172,0.5193994016956386,0.0
32060000067235,174,0.5193994016956386,0.0
32060000067235,176,0.5193994016956386,0.0
32060000067235,178,0.5193994016956386,0.0
32060000067235,180,0.5193994016956386,0.0
32060000067235,182,0.5193994016956386,0.0
32060000067235,184,0.5193994016956386,0.0
32060000067235,186,0.5193994016956386,0.0
32060000067235,188,0.5193994016956386,0.0
32060000067235,190,0.5193994016956386,0.0
32060000067235,192,0.5193994016956386,0.0
32060000067235,194,0.5193994016956386,0.0
32060000067235,196,0.5193994016956386,0.0
32060000067235,198,0.5193994016956386,0.0
32060000067235,200,0.5193994016956386,0.0
32060000064828,0,0.3557630551011906,1.0
32060000064828,2,0.14366399732317559,1.0
32060000064828,4,0.14366399732317559,1.0
32060000064828,6,0.14366399732317559,1.0
32060000064828,8,0.14366399732317559,1.0
32060000064828,10,0.24232944208589585,1.0
32060000064828,12,0.24232944208589585,1.0
32060000064828,14,0.24232944208589585,1.0
32060000064828,16,0.24232944208589585,1.0
32060000064828,18,0.14366190276814045,1.0
32060000064828,20,0.14366190276814045,1.0
32060000064828,22,0.24232944208589585,1.0
32060000064828,24,0.24232944208589585,1.0
32060000064828,26,0.24232944208589585,1.0
32060000064828,28,0.24232944208589585,1.0
32060000064828,30,0.15752186159165854,1.0
32060000064828,32,0.15752186159165854,1.0
32060000064828,34,0.15752186159165854,1.0
32060000064828,36,0.15752186159165854,1.0
32060000064828,38,0.15752186159165854,1.0
32060000064828,40,0.15752186159165854,1.0
32060000064828,42,0.15752186159165854,1.0
32060000064828,44,0.15752186159165854,1.0
32060000064828,46,0.15752186159165854,1.0
32060000064828,48,0.15752186159165854,1.0
32060000064828,50,0.15752186159165854,1.0
32060000064828,52,0.15752186159165854,1.0
32060000064828,54,0.15752186159165854,1.0
32060000064828,56,0.15752186159165854,1.0
32060000064828,58,0.15752186159165854,1.0
32060000064828,60,0.15752186159165854,1.0
32060000064828,62,0.15752186159165854,1.0
32060000064828,64,0.15752186159165854,1.0
32060000064828,66,0.15752186159165854,1.0
32060000064828,68,0.15752186159165854,1.0
32060000064828,70,0.15752186159165854,1.0
32060000064828,72,0.15752186159165854,1.0
32060000064828,74,0.15752186159165854,1.0
32060000064828,76,0.15752186159165854,1.0
32060000064828,78,0.15752186159165854,1.0
32060000064828,80,0.15752186159165854,1.0
32060000064828,82,0.15752186159165854,1.0
32060000064828,84,0.15752186159165854,1.0
32060000064828,86,0.15752186159165854,1.0
32060000064828,88,0.20243262551091887,1.0
32060000064828,90,0.20243262551091887,1.0
32060000064828,92,0.20243262551091887,1.0
32060000064828,94,0.15752186159165854,1.0
32060000064828,96,0.15752186159165854,1.0
32060000064828,98,0.15752186159165854,1.0
32060000064828,100,0.15752186159165854,1.0
32060000064828,102,0.15752186159165854,1.0
32060000064828,104,0.15752186159165854,1.0
32060000064828,106,0.15752186159165854,1.0
32060000064828,108,0.15752186159165854,1.0
32060000064828,110,0.15752186159165854,1.0
32060000064828,112,0.15752186159165854,1.0
32060000064828,114,0.15752186159165854,1.0
32060000064828,116,0.15752186159165854,1.0
32060000064828,118,0.15752186159165854,1.0
32060000064828,120,0.15752186159165854,1.0
32060000064828,122,0.15752186159165854,1.0
32060000064828,124,0.15752186159165854,1.0
32060000064828,126,0.15752186159165854,1.0
32060000064828,128,0.15752186159165854,1.0
32060000064828,130,0.15752186159165854,1.0
32060000064828,132,0.15752186159165854,1.0
32060000064828,134,0.15752186159165854,1.0
32060000064828,136,0.15752186159165854,1.0
32060000064828,138,0.15752186159165854,1.0
32060000064828,140,0.15752186159165854,1.0
32060000064828,142,0.15752186159165854,1.0
32060000064828,144,0.15752186159165854,1.0
32060000064828,146,0.2583939650600483,1.0
32060000064828,148,0.2583939650600483,1.0
32060000064828,150,0.2583939650600483,1.0
32060000064828,152,0.2583939650600483,1.0
32060000064828,154,0.2583939650600483,1.0
32060000064828,156,0.2583939650600483,1.0
32060000064828,158,0.2583939650600483,1.0
32060000064828,160,0.2583939650600483,1.0
32060000064828,162,0.2583939650600483,1.0
32060000064828,164,0.2583939650600483,1.0
32060000064828,166,0.2583939650600483,1.0
32060000064828,168,0.2583939650600483,1.0
32060000064828,170,0.2583939650600483,1.0
32060000064828,172,0.2583939650600483,1.0
32060000064828,174,0.2583939650600483,1.0
32060000064828,176,0.2583939650600483,1.0
32060000064828,178,0.2583939650600483,1.0
32060000064828,180,0.2583939650600483,1.0
32060000064828,182,0.2583939650600483,1.0
32060000064828,184,0.2583939650600483,1.0
32060000064828,186,0.2583939650600483,1.0
32060000064828,188,0.2583939650600483,1.0
32060000064828,190,0.2583939650600483,1.0
32060000064828,192,0.2583939650600483,1.0
32060000064828,194,0.2583939650600483,1.0
32060000064828,196,0.2583939650600483,1.0
32060000064828,198,0.2583939650600483,1.0
32060000064828,200,0.2583939650600483,1.0
32060000077110,0,0.5696659477431939,0.0
32060000077110,2,0.5696659477431939,0.0
32060000077110,4,0.5696659477431939,0.0
32060000077110,6,0.5696659477431939,0.0
32060000077110,8,0.5696659477431939,0.0
32060000077110,10,0.5696659477431939,0.0
32060000077110,12,0.5696659477431939,0.0
32060000077110,14,0.5696659477431939,0.0
32060000077110,16,0.5696659477431939,0.0
32060000077110,18,0.5696659477431939,0.0
32060000077110,20,0.5696659477431939,0.0
32060000077110,22,0.5696659477431939,0.0
32060000077110,24,0.5696659477431939,0.0
32060000077110,26,0.5696659477431939,0.0
32060000077110,28,0.5696659477431939,0.0
32060000077110,30,0.5696659477431939,0.0
32060000077110,32,0.5696659477431939,0.0
32060000077110,34,0.5696659477431939,0.0
32060000077110,36,0.5696659477431939,0.0
32060000077110,38,0.5696659477431939,0.0
32060000077110,40,0.5696659477431939,0.0
32060000077110,42,0.5696659477431939,0.0
32060000077110,44,0.5696659477431939,0.0
32060000077110,46,0.5696659477431939,0.0
32060000077110,48,0.5696659477431939,0.0
32060000077110,50,0.5696659477431939,0.0
32060000077110,52,0.5696659477431939,0.0
32060000077110,54,0.5696659477431939,0.0
32060000077110,56,0.5696659477431939,0.0
32060000077110,58,0.5696659477431939,0.0
32060000077110,60,0.5696659477431939,0.0
32060000077110,62,0.5696659477431939,0.0
32060000077110,64,0.5696659477431939,0.0
32060000077110,66,0.5696659477431939,0.0
32060000077110,68,0.5696659477431939,0.0
32060000077110,70,0.5696659477431939,0.0
32060000077110,72,0.5696659477431939,0.0
32060000077110,74,0.5696659477431939,0.0
32060000077110,76,0.5696659477431939,0.0
32060000077110,78,0.5696659477431939,0.0
32060000077110,80,0.5696659477431939,0.0
32060000077110,82,0.5696659477431939,0.0
32060000077110,84,0.5696659477431939,0.0
32060000077110,86,0.5696659477431939,0.0
32060000077110,88,0.5696659477431939,0.0
32060000077110,90,0.5696659477431939,0.0
32060000077110,92,0.5696659477431939,0.0
32060000077110,94,0.5696659477431939,0.0
32060000077110,96,0.5696659477431939,0.0
32060000077110,98,0.5696659477431939,0.0
32060000077110,100,0.5696659477431939,0.0
32060000077110,102,0.5696659477431939,0.0
32060000077110,104,0.5696659477431939,0.0
32060000077110,106,0.5696659477431939,0.0
32060000077110,108,0.5696659477431939,0.0
32060000077110,110,0.5696659477431939,0.0
32060000077110,112,0.5696659477431939,0.0
32060000077110,114,0.5696659477431939,0.0
32060000077110,116,0.5696659477431939,0.0
32060000077110,118,0.5696659477431939,0.0
32060000077110,120,0.5696659477431939,0.0
32060000077110,122,0.5696659477431939,0.0
32060000077110,124,0.5696659477431939,0.0
32060000077110,126,0.5696659477431939,0.0
32060000077110,128,0.5696659477431939,0.0
32060000077110,130,0.5696659477431939,0.0
32060000077110,132,0.5696659477431939,0.0
32060000077110,134,0.5696659477431939,0.0
32060000077110,136,0.5696659477431939,0.0
32060000077110,138,0.5696659477431939,0.0
32060000077110,140,0.5696659477431939,0.0
32060000077110,142,0.5696659477431939,0.0
32060000077110,144,0.5696659477431939,0.0
32060000077110,146,0.5696659477431939,0.0
32060000077110,148,0.5696659477431939,0.0
32060000077110,150,0.5696659477431939,0.0
32060000077110,152,0.5696659477431939,0.0
32060000077110,154,0.5696659477431939,0.0
32060000077110,156,0.5696659477431939,0.0
32060000077110,158,0.5696659477431939,0.0
32060000077110,160,0.5696659477431939,0.0
32060000077110,162,0.5696659477431939,0.0
32060000077110,164,0.5696659477431939,0.0
32060000077110,166,0.5696659477431939,0.0
32060000077110,168,0.5696659477431939,0.0
32060000077110,170,0.5696659477431939,0.0
32060000077110,172,0.5696659477431939,0.0
32060000077110,174,0.5696659477431939,0.0
32060000077110,176,0.5696659477431939,0.0
32060000077110,178,0.5696659477431939,0.0
32060000077110,180,0.5696659477431939,0.0
32060000077110,182,0.5696659477431939,0.0
32060000077110,184,0.5696659477431939,0.0
32060000077110,186,0.5696659477431939,0.0
32060000077110,188,0.5696659477431939,0.0
32060000077110,190,0.5696659477431939,0.0
32060000077110,192,0.5696659477431939,0.0
32060000077110,194,0.5696659477431939,0.0
32060000077110,196,0.5696659477431939,0.0
32060000077110,198,0.5696659477431939,0.0
32060000077110,200,0.5696659477431939,0.0
32060000079958,0,0.5729451809047331,0.0
32060000079958,2,0.5729451809047331,0.0
32060000079958,4,0.5729451809047331,0.0
32060000079958,6,0.5729451809047331,0.0
32060000079958,8,0.5729451809047331,0.0
32060000079958,10,0.5729451809047331,0.0
32060000079958,12,0.5729451809047331,0.0
32060000079958,14,0.5729451809047331,0.0
32060000079958,16,0.5729451809047331,0.0
32060000079958,18,0.5729451809047331,0.0
32060000079958,20,0.5729451809047331,0.0
32060000079958,22,0.5729451809047331,0.0
32060000079958,24,0.5729451809047331,0.0
32060000079958,26,0.5729451809047331,0.0
32060000079958,28,0.5729451809047331,0.0
32060000079958,30,0.5729451809047331,0.0
32060000079958,32,0.5729451809047331,0.0
32060000079958,34,0.5729451809047331,0.0
32060000079958,36,0.5729451809047331,0.0
32060000079958,38,0.5729451809047331,0.0
32060000079958,40,0.5729451809047331,0.0
32060000079958,42,0.5729451809047331,0.0
32060000079958,44,0.5729451809047331,0.0
32060000079958,46,0.5729451809047331,0.0
32060000079958,48,0.5729451809047331,0.0
32060000079958,50,0.5729451809047331,0.0
32060000079958,52,0.5729451809047331,0.0
32060000079958,54,0.5729451809047331,0.0
32060000079958,56,0.5729451809047331,0.0
32060000079958,58,0.5729451809047331,0.0
32060000079958,60,0.5729451809047331,0.0
32060000079958,62,0.5729451809047331,0.0
32060000079958,64,0.5729451809047331,0.0
32060000079958,66,0.5729451809047331,0.0
32060000079958,68,0.5729451809047331,0.0
32060000079958,70,0.5729451809047331,0.0
32060000079958,72,0.5729451809047331,0.0
32060000079958,74,0.5729451809047331,0.0
32060000079958,76,0.5729451809047331,0.0
32060000079958,78,0.5729451809047331,0.0
32060000079958,80,0.5729451809047331,0.0
32060000079958,82,0.5729451809047331,0.0
32060000079958,84,0.5729451809047331,0.0
32060000079958,86,0.5729451809047331,0.0
32060000079958,88,0.5729451809047331,0.0
32060000079958,90,0.5729451809047331,0.0
32060000079958,92,0.5729451809047331,0.0
32060000079958,94,0.5729451809047331,0.0
32060000079958,96,0.5729451809047331,0.0
32060000079958,98,0.5729451809047331,0.0
32060000079958,100,0.5729451809047331,0.0
32060000079958,102,0.5729451809047331,0.0
32060000079958,104,0.5729451809047331,0.0
32060000079958,106,0.5729451809047331,0.0
32060000079958,108,0.5729451809047331,0.0
32060000079958,110,0.5729451809047331,0.0
32060000079958,112,0.5729451809047331,0.0
32060000079958,114,0.5729451809047331,0.0
32060000079958,116,0.5729451809047331,0.0
32060000079958,118,0.5729451809047331,0.0
32060000079958,120,0.5729451809047331,0.0
32060000079958,122,0.5729451809047331,0.0
32060000079958,124,0.5729451809047331,0.0
32060000079958,126,0.5729451809047331,0.0
32060000079958,128,0.5729451809047331,0.0
32060000079958,130,0.5729451809047331,0.0
32060000079958,132,0.5729451809047331,0.0
32060000079958,134,0.5729451809047331,0.0
32060000079958,136,0.5729451809047331,0.0
32060000079958,138,0.5729451809047331,0.0
32060000079958,140,0.5729451809047331,0.0
32060000079958,142,0.5729451809047331,0.0
32060000079958,144,0.5729451809047331,0.0
32060000079958,146,0.5729451809047331,0.0
32060000079958,148,0.5729451809047331,0.0
32060000079958,150,0.5729451809047331,0.0
32060000079958,152,0.5729451809047331,0.0
32060000079958,154,0.5729451809047331,0.0
32060000079958,156,0.5729451809047331,0.0
32060000079958,158,0.5729451809047331,0.0
32060000079958,160,0.5729451809047331,0.0
32060000079958,162,0.5729451809047331,0.0
32060000079958,164,0.5729451809047331,0.0
32060000079958,166,0.5729451809047331,0.0
32060000079958,168,0.5729451809047331,0.0
32060000079958,170,0.5729451809047331,0.0
32060000079958,172,0.5729451809047331,0.0
32060000079958,174,0.5729451809047331,0.0
32060000079958,176,0.5729451809047331,0.0
32060000079958,178,0.5729451809047331,0.0
32060000079958,180,0.5729451809047331,0.0
32060000079958,182,0.5729451809047331,0.0
32060000079958,184,0.5729451809047331,0.0
32060000079958,186,0.5729451809047331,0.0
32060000079958,188,0.5729451809047331,0.0
32060000079958,190,0.5729451809047331,0.0
32060000079958,192,0.5729451809047331,0.0
32060000079958,194,0.5729451809047331,0.0
32060000079958,196,0.5729451809047331,0.0
32060000079958,198,0.5729451809047331,0.0
32060000079958,200,0.5729451809047331,0.0
32060000118724,0,0.5382966772647955,7.589221617809727e-08
32060000118724,2,0.5382966772647955,2.396596365805692e-08
32060000118724,4,0.5382966772647955,1.5977309142378715e-08
32060000118724,6,0.5382966772647955,7.988654626700509e-09
32060000118724,8,0.5382966772647955,3.994327313350254e-09
32060000118724,10,0.5382966772647955,0.0
32060000118724,12,0.5382966772647955,0.0
32060000118724,14,0.5382966772647955,0.0
32060000118724,16,0.5382966772647955,0.0
32060000118724,18,0.5382966772647955,0.0
32060000118724,20,0.5382966772647955,0.0
32060000118724,22,0.5382966772647955,0.0
32060000118724,24,0.5382966772647955,0.0
32060000118724,26,0.5382966772647955,0.0
32060000118724,28,0.5382966772647955,0.0
32060000118724,30,0.5382966772647955,0.0
32060000118724,32,0.5382966772647955,0.0
32060000118724,34,0.5382966772647955,0.0
32060000118724,36,0.5382966772647955,0.0
32060000118724,38,0.5382966772647955,0.0
32060000118724,40,0.5382966772647955,0.0
32060000118724,42,0.5382966772647955,0.0
32060000118724,44,0.5382966772647955,0.0
32060000118724,46,0.5382966772647955,0.0
32060000118724,48,0.5382966772647955,0.0
32060000118724,50,0.5382966772647955,0.0
32060000118724,52,0.5382966772647955,0.0
32060000118724,54,0.5382966772647955,0.0
32060000118724,56,0.5382966772647955,0.0
32060000118724,58,0.5382966772647955,0.0
32060000118724,60,0.5382966772647955,0.0
32060000118724,62,0.5382966772647955,0.0
32060000118724,64,0.5382966772647955,0.0
32060000118724,66,0.5382966772647955,0.0
32060000118724,68,0.5382966772647955,0.0
32060000118724,70,0.5382966772647955,0.0
32060000118724,72,0.5382966772647955,0.0
32060000118724,74,0.5382966772647955,0.0
32060000118724,76,0.5382966772647955,0.0
32060000118724,78,0.5382966772647955,0.0
32060000118724,80,0.5382966772647955,0.0
32060000118724,82,0.5382966772647955,0.0
32060000118724,84,0.5382966772647955,0.0
32060000118724,86,0.5382966772647955,0.0
32060000118724,88,0.5382966772647955,0.0
32060000118724,90,0.5382966772647955,0.0
32060000118724,92,0.5382966772647955,0.0
32060000118724,94,0.5382966772647955,0.0
32060000118724,96,0.5382966772647955,0.0
32060000118724,98,0.5382966772647955,0.0
32060000118724,100,0.5382966772647955,0.0
32060000118724,102,0.5382966772647955,0.0
32060000118724,104,0.5382966772647955,0.0
32060000118724,106,0.5382966772647955,0.0
32060000118724,108,0.5382966772647955,0.0
32060000118724,110,0.5382966772647955,0.0
32060000118724,112,0.5382966772647955,0.0
32060000118724,114,0.5382966772647955,0.0
32060000118724,116,0.5382966772647955,0.0
32060000118724,118,0.5382966772647955,0.0
32060000118724,120,0.5382966772647955,0.0
32060000118724,122,0.5382966772647955,0.0
32060000118724,124,0.5382966772647955,0.0
32060000118724,126,0.5382966772647955,0.0
32060000118724,128,0.5382966772647955,0.0
32060000118724,130,0.5382966772647955,0.0
32060000118724,132,0.5382966772647955,0.0
32060000118724,134,0.5382966772647955,0.0
32060000118724,136,0.5382966772647955,0.0
32060000118724,138,0.5382966772647955,0.0
32060000118724,140,0.5382966772647955,0.0
32060000118724,142,0.5382966772647955,0.0
32060000118724,144,0.5382966772647955,0.0
32060000118724,146,0.5382966772647955,0.0
32060000118724,148,0.5382966772647955,0.0
32060000118724,150,0.5382966772647955,0.0
32060000118724,152,0.5382966772647955,0.0
32060000118724,154,0.5382966772647955,0.0
32060000118724,156,0.5382966772647955,0.0
32060000118724,158,0.5382966772647955,0.0
32060000118724,160,0.5382966772647955,0.0
32060000118724,162,0.5382966772647955,0.0
32060000118724,164,0.5382966772647955,0.0
32060000118724,166,0.5382966772647955,0.0
32060000118724,168,0.5382966772647955,0.0
32060000118724,170,0.5382966772647955,0.0
32060000118724,172,0.5382966772647955,0.0
32060000118724,174,0.5382966772647955,0.0
32060000118724,176,0.5382966772647955,0.0
32060000118724,178,0.5382966772647955,0.0
32060000118724,180,0.5382966772647955,0.0
32060000118724,182,0.5382966772647955,0.0
32060000118724,184,0.5382966772647955,0.0
32060000118724,186,0.5382966772647955,0.0
32060000118724,188,0.5382966772647955,0.0
32060000118724,190,0.5382966772647955,0.0
32060000118724,192,0.5382966772647955,0.0
32060000118724,194,0.5382966772647955,0.0
32060000118724,196,0.5382966772647955,0.0
32060000118724,198,0.5382966772647955,0.0
32060000118724,200,0.5382966772647955,0.0
32060000144875,0,0.4442736703306293,1.510684231820214e-06
32060000144875,2,0.44427367033062937,0.000347697375320255
32060000144875,4,0.44427367033062937,0.0002252023330384656
32060000144875,6,0.44427367033062937,0.0001181169991424369
32060000144875,8,0.44427367033062937,7.795704192636865e-05
32060000144875,10,0.44427367033062937,3.834259012214236e-05
32060000144875,12,0.44427367033062937,2.4533810529914213e-05
32060000144875,14,0.44427367033062937,1.520841882607371e-05
32060000144875,16,0.44427367033062937,1.1891734664093434e-05
32060000144875,18,0.44427367033062937,7.132152624711452e-06
32060000144875,20,0.44427367033062937,4.125324624570936e-06
32060000144875,22,0.44427367033062937,2.6049604873179533e-06
32060000144875,24,0.44427367033062937,1.428371367739878e-06
32060000144875,26,0.44427367033062937,7.408165911826359e-07
32060000144875,28,0.44427367033062937,4.503003463440791e-07
32060000144875,30,0.44427367033062937,2.663066809294179e-07
32060000144875,32,0.44427367033062937,1.694678960495466e-07
32060000144875,34,0.44427367033062937,1.0652268089827999e-07
32060000144875,36,0.44427367033062937,7.262910184380189e-08
32060000144875,38,0.44427367033062937,4.357746175021049e-08
32060000144875,40,0.44427367033062937,2.905164131483673e-08
32060000144875,42,0.44427367033062937,2.420970124372701e-08
32060000144875,44,0.44427367033062937,1.4525820768440667e-08
32060000144875,46,0.44427367033062937,9.683880586308646e-09
32060000144875,48,0.44427367033062937,9.683880586308646e-09
32060000144875,50,0.44427367033062937,4.841940293154323e-09
32060000144875,52,0.44427367033062937,4.841940293154323e-09
32060000144875,54,0.44425364020007246,0.0
32060000144875,56,0.44425364020007246,0.0
32060000144875,58,0.44425364020007246,0.0
32060000144875,60,0.44425364020007246,0.0
32060000144875,62,0.44425364020007246,0.0
32060000144875,64,0.44425364020007246,0.0
32060000144875,66,0.44425364020007246,0.0
32060000144875,68,0.44425364020007246,0.0
32060000144875,70,0.44425364020007246,0.0
32060000144875,72,0.44425364020007246,0.0
32060000144875,74,0.44425364020007246,0.0
32060000144875,76,0.44425364020007246,0.0
32060000144875,78,0.44425364020007246,0.0
32060000144875,80,0.44425364020007246,0.0
32060000144875,82,0.44425364020007246,0.0
32060000144875,84,0.44425364020007246,0.0
32060000144875,86,0.44425364020007246,0.0
32060000144875,88,0.44425364020007246,0.0
32060000144875,90,0.44425364020007246,0.0
32060000144875,92,0.44425364020007246,0.0
32060000144875,94,0.44425364020007246,0.0
32060000144875,96,0.44427367033062937,0.0
32060000144875,98,0.44427367033062937,0.0
32060000144875,100,0.44427367033062937,0.0
32060000144875,102,0.44427367033062937,0.0
32060000144875,104,0.44427367033062937,0.0
32060000144875,106,0.44427367033062937,0.0
32060000144875,108,0.44427367033062937,0.0
32060000144875,110,0.44427367033062937,0.0
32060000144875,112,0.44427367033062937,0.0
32060000144875,114,0.44427367033062937,0.0
32060000144875,116,0.44427367033062937,0.0
32060000144875,118,0.44427367033062937,0.0
32060000144875,120,0.44427367033062937,0.0
32060000144875,122,0.44427367033062937,0.0
32060000144875,124,0.44427367033062937,0.0
32060000144875,126,0.44427367033062937,0.0
32060000144875,128,0.44427367033062937,0.0
32060000144875,130,0.44427367033062937,0.0
32060000144875,132,0.44427367033062937,0.0
32060000144875,134,0.44427367033062937,0.0
32060000144875,136,0.44427367033062937,0.0
32060000144875,138,0.44427367033062937,0.0
32060000144875,140,0.44427367033062937,0.0
32060000144875,142,0.44427367033062937,0.0
32060000144875,144,0.44427367033062937,0.0
32060000144875,146,0.44427367033062937,0.0
32060000144875,148,0.44427367033062937,0.0
32060000144875,150,0.44427367033062937,0.0
32060000144875,152,0.44427367033062937,0.0
32060000144875,154,0.44427367033062937,0.0
32060000144875,156,0.44427367033062937,0.0
32060000144875,158,0.44427367033062937,0.0
32060000144875,160,0.44427367033062937,0.0
32060000144875,162,0.44427367033062937,0.0
32060000144875,164,0.44427367033062937,0.0
32060000144875,166,0.44427367033062937,0.0
32060000144875,168,0.44427367033062937,0.0
32060000144875,170,0.44427367033062937,0.0
32060000144875,172,0.44427367033062937,0.0
32060000144875,174,0.44427367033062937,0.0
32060000144875,176,0.44427367033062937,0.0
32060000144875,178,0.44427367033062937,0.0
32060000144875,180,0.44427367033062937,0.0
32060000144875,182,0.44427367033062937,0.0
32060000144875,184,0.44427367033062937,0.0
32060000144875,186,0.44427367033062937,0.0
32060000144875,188,0.44427367033062937,0.0
32060000144875,190,0.44427367033062937,0.0
32060000144875,192,0.44427367033062937,0.0
32060000144875,194,0.44427367033062937,0.0
32060000144875,196,0.44427367033062937,0.0
32060000144875,198,0.44427367033062937,0.0
32060000144875,200,0.44427367033062937,0.0
32060000155828,0,0.6939069603319659,0.0
32060000155828,2,0.6939558295373673,2.043329245804415e-07
32060000155828,4,0.6939558295373673,9.28786072496024e-08
32060000155828,6,0.6939558295373673,4.334335113043153e-08
32060000155828,8,0.6939558295373673,2.167167578726037e-08
32060000155828,10,0.6939558295373673,9.287861146844989e-09
32060000155828,12,0.6939558295373673,3.0959537156149963e-09
32060000155828,14,0.6939558295373673,3.0959537156149963e-09
32060000155828,16,0.6939558295373673,0.0
32060000155828,18,0.6939069603319659,0.0
32060000155828,20,0.6939558295373673,0.0
32060000155828,22,0.6939069603319659,0.0
32060000155828,24,0.6939069603319659,0.0
32060000155828,26,0.6939069603319659,0.0
32060000155828,28,0.6939069603319659,0.0
32060000155828,30,0.6939069603319659,0.0
32060000155828,32,0.6939069603319659,0.0
32060000155828,34,0.6939069603319659,0.0
32060000155828,36,0.6939069603319659,0.0
32060000155828,38,0.6939069603319659,0.0
32060000155828,40,0.6939069603319659,0.0
32060000155828,42,0.6939069603319659,0.0
32060000155828,44,0.6939069603319659,0.0
32060000155828,46,0.6939069603319659,0.0
32060000155828,48,0.6939069603319659,0.0
32060000155828,50,0.6939069603319659,0.0
32060000155828,52,0.6939069603319659,0.0
32060000155828,54,0.6939069603319659,0.0
32060000155828,56,0.6939069603319659,0.0
32060000155828,58,0.6939069603319659,0.0
32060000155828,60,0.6939069603319659,0.0
32060000155828,62,0.6939069603319659,0.0
32060000155828,64,0.6939558295373673,0.0
32060000155828,66,0.6939069603319659,0.0
32060000155828,68,0.6939069603319659,0.0
32060000155828,70,0.6939069603319659,0.0
32060000155828,72,0.6939069603319659,0.0
32060000155828,74,0.6939069603319659,0.0
32060000155828,76,0.6939069603319659,0.0
32060000155828,78,0.6939069603319659,0.0
32060000155828,80,0.6939069603319659,0.0
32060000155828,82,0.6939069603319659,0.0
32060000155828,84,0.6939069603319659,0.0
32060000155828,86,0.6939069603319659,0.0
32060000155828,88,0.6939069603319659,0.0
32060000155828,90,0.6939069603319659,0.0
32060000155828,92,0.6939069603319659,0.0
32060000155828,94,0.6939069603319659,0.0
32060000155828,96,0.6939069603319659,0.0
32060000155828,98,0.6939069603319659,0.0
32060000155828,100,0.6939069603319659,0.0
32060000155828,102,0.6939069603319659,0.0
32060000155828,104,0.6939069603319659,0.0
32060000155828,106,0.6939069603319659,0.0
32060000155828,108,0.6939069603319659,0.0
32060000155828,110,0.6939069603319659,0.0
32060000155828,112,0.6939069603319659,0.0
32060000155828,114,0.6939069603319659,0.0
32060000155828,116,0.6939069603319659,0.0
32060000155828,118,0.6939069603319659,0.0
32060000155828,120,0.6939069603319659,0.0
32060000155828,122,0.6939069603319659,0.0
32060000155828,124,0.6939069603319659,0.0
32060000155828,126,0.6939069603319659,0.0
32060000155828,128,0.6939558295373673,0.0
32060000155828,130,0.6939069603319659,0.0
32060000155828,132,0.6939069603319659,0.0
32060000155828,134,0.6939069603319659,0.0
32060000155828,136,0.6939069603319659,0.0
32060000155828,138,0.6939069603319659,0.0
32060000155828,140,0.6939069603319659,0.0
32060000155828,142,0.6939069603319659,0.0
32060000155828,144,0.6939069603319659,0.0
32060000155828,146,0.6939069603319659,0.0
32060000155828,148,0.6939069603319659,0.0
32060000155828,150,0.6939069603319659,0.0
32060000155828,152,0.6939069603319659,0.0
32060000155828,154,0.6939069603319659,0.0
32060000155828,156,0.6939069603319659,0.0
32060000155828,158,0.6939069603319659,0.0
32060000155828,160,0.6939069603319659,0.0
32060000155828,162,0.6939069603319659,0.0
32060000155828,164,0.6939069603319659,0.0
32060000155828,166,0.6939069603319659,0.0
32060000155828,168,0.6939069603319659,0.0
32060000155828,170,0.6939069603319659,0.0
32060000155828,172,0.6939069603319659,0.0
32060000155828,174,0.6939069603319659,0.0
32060000155828,176,0.6939069603319659,0.0
32060000155828,178,0.6939069603319659,0.0
32060000155828,180,0.6939069603319659,0.0
32060000155828,182,0.6939069603319659,0.0
32060000155828,184,0.6939069603319659,0.0
32060000155828,186,0.6939069603319659,0.0
32060000155828,188,0.6939558295373673,0.0
32060000155828,190,0.6939069603319659,0.0
32060000155828,192,0.6939069603319659,0.0
32060000155828,194,0.6939069603319659,0.0
32060000155828,196,0.6939558295373673,0.0
32060000155828,198,0.6939558295373673,0.0
32060000155828,200,0.6939558295373673,0.0
32060000159221,0,0.5036047286290676,0.0
32060000159221,2,0.5036047286290676,1.2810684735242717e-08
32060000159221,4,0.5036047286290676,1.2810684735242717e-08
32060000159221,6,0.5036047286290676,4.27022828208834e-09
32060000159221,8,0.5036047286290676,4.27022828208834e-09
32060000159221,10,0.5036047286290676,0.0
32060000159221,12,0.5036047286290676,0.0
32060000159221,14,0.5036047286290676,0.0
32060000159221,16,0.5036047286290676,0.0
32060000159221,18,0.5036047286290676,0.0
32060000159221,20,0.5036047286290676,0.0
32060000159221,22,0.5036047286290676,0.0
32060000159221,24,0.5036047286290676,0.0
32060000159221,26,0.5036047286290676,0.0
32060000159221,28,0.5036047286290676,0.0
32060000159221,30,0.5036047286290676,0.0
32060000159221,32,0.5036047286290676,0.0
32060000159221,34,0.5036047286290676,0.0
32060000159221,36,0.5036047286290676,0.0
32060000159221,38,0.5036047286290676,0.0
32060000159221,40,0.5036047286290676,0.0
32060000159221,42,0.5036047286290676,0.0
32060000159221,44,0.5036047286290676,0.0
32060000159221,46,0.5036047286290676,0.0
32060000159221,48,0.5036047286290676,0.0
32060000159221,50,0.5036047286290676,0.0
32060000159221,52,0.5036047286290676,0.0
32060000159221,54,0.5036047286290676,0.0
32060000159221,56,0.5036047286290676,0.0
32060000159221,58,0.5036047286290676,0.0
32060000159221,60,0.5036047286290676,0.0
32060000159221,62,0.5036047286290676,0.0
32060000159221,64,0.5036047286290676,0.0
32060000159221,66,0.5036047286290676,0.0
32060000159221,68,0.5036047286290676,0.0
32060000159221,70,0.5036047286290676,0.0
32060000159221,72,0.5036047286290676,0.0
32060000159221,74,0.5036047286290676,0.0
32060000159221,76,0.5036047286290676,0.0
32060000159221,78,0.5036047286290676,0.0
32060000159221,80,0.5036047286290676,0.0
32060000159221,82,0.5036047286290676,0.0
32060000159221,84,0.5036047286290676,0.0
32060000159221,86,0.5036047286290676,0.0
32060000159221,88,0.5036047286290676,0.0
32060000159221,90,0.5036047286290676,0.0
32060000159221,92,0.5036047286290676,0.0
32060000159221,94,0.5036047286290676,0.0
32060000159221,96,0.5036047286290676,0.0
32060000159221,98,0.5036047286290676,0.0
32060000159221,100,0.5036047286290676,0.0
32060000159221,102,0.5036047286290676,0.0
32060000159221,104,0.5036047286290676,0.0
32060000159221,106,0.5036047286290676,0.0
32060000159221,108,0.5036047286290676,0.0
32060000159221,110,0.5036047286290676,0.0
32060000159221,112,0.5036047286290676,0.0
32060000159221,114,0.5036047286290676,0.0
32060000159221,116,0.5036047286290676,0.0
32060000159221,118,0.5036047286290676,0.0
32060000159221,120,0.5036047286290676,0.0
32060000159221,122,0.5036047286290676,0.0
32060000159221,124,0.5036047286290676,0.0
32060000159221,126,0.5036047286290676,0.0
32060000159221,128,0.5036047286290676,0.0
32060000159221,130,0.5036047286290676,0.0
32060000159221,132,0.5036047286290676,0.0
32060000159221,134,0.5036047286290676,0.0
32060000159221,136,0.5036047286290676,0.0
32060000159221,138,0.5036047286290676,0.0
32060000159221,140,0.5036047286290676,0.0
32060000159221,142,0.5036047286290676,0.0
32060000159221,144,0.5036047286290676,0.0
32060000159221,146,0.5036047286290676,0.0
32060000159221,148,0.5036047286290676,0.0
32060000159221,150,0.5036047286290676,0.0
32060000159221,152,0.5036047286290676,0.0
32060000159221,154,0.5036047286290676,0.0
32060000159221,156,0.5036047286290676,0.0
32060000159221,158,0.5036047286290676,0.0
32060000159221,160,0.5036047286290676,0.0
32060000159221,162,0.5036047286290676,0.0
32060000159221,164,0.5036047286290676,0.0
32060000159221,166,0.5036047286290676,0.0
32060000159221,168,0.5036047286290676,0.0
32060000159221,170,0.5036047286290676,0.0
32060000159221,172,0.5036047286290676,0.0
32060000159221,174,0.5036047286290676,0.0
32060000159221,176,0.5036047286290676,0.0
32060000159221,178,0.5036047286290676,0.0
32060000159221,180,0.5036047286290676,0.0
32060000159221,182,0.5036047286290676,0.0
32060000159221,184,0.5036047286290676,0.0
32060000159221,186,0.5036047286290676,0.0
32060000159221,188,0.5036047286290676,0.0
32060000159221,190,0.5036047286290676,0.0
32060000159221,192,0.5036047286290676,0.0
32060000159221,194,0.5036047286290676,0.0
32060000159221,196,0.5036047286290676,0.0
32060000159221,198,0.5036047286290676,0.0
32060000159221,200,0.5036047286290676,0.0
32060000155145,0,0.5919799531991484,0.0
32060000155145,2,0.5919799531991505,2.9412125279737467e-07
32060000155145,4,0.5919799531991505,1.0893380741894276e-07
32060000155145,6,0.5919799531991505,3.994239738958072e-08
32060000155145,8,0.5919799531991505,1.4524508373803258e-08
32060000155145,10,0.5919799531991505,7.26225424241278e-09
32060000155145,12,0.5919799531991505,3.631127065695239e-09
32060000155145,14,0.5919799531991505,0.0
32060000155145,16,0.5919799531991505,0.0
32060000155145,18,0.5919799531991505,0.0
32060000155145,20,0.5919799531991505,0.0
32060000155145,22,0.5919799531991505,0.0
32060000155145,24,0.5919799531991505,0.0
32060000155145,26,0.5919799531991505,0.0
32060000155145,28,0.5919799531991505,0.0
32060000155145,30,0.5919799531991505,0.0
32060000155145,32,0.5919799531991505,0.0
32060000155145,34,0.5919799531991505,0.0
32060000155145,36,0.5919799531991505,0.0
32060000155145,38,0.5919799531991505,0.0
32060000155145,40,0.5919799531991505,0.0
32060000155145,42,0.5919799531991505,0.0
32060000155145,44,0.5919799531991505,0.0
32060000155145,46,0.5919799531991505,0.0
32060000155145,48,0.5919799531991505,0.0
32060000155145,50,0.5919799531991505,0.0
32060000155145,52,0.5919799531991505,0.0
32060000155145,54,0.5919799531991505,0.0
32060000155145,56,0.5919799531991505,0.0
32060000155145,58,0.5919799531991505,0.0
32060000155145,60,0.5919799531991505,0.0
32060000155145,62,0.5919799531991505,0.0
32060000155145,64,0.5919799531991505,0.0
32060000155145,66,0.5919799531991505,0.0
32060000155145,68,0.5919799531991505,0.0
32060000155145,70,0.5919799531991505,0.0
32060000155145,72,0.5919799531991505,0.0
32060000155145,74,0.5919799531991505,0.0
32060000155145,76,0.5919799531991505,0.0
32060000155145,78,0.5919799531991505,0.0
32060000155145,80,0.5919799531991505,0.0
32060000155145,82,0.5919799531991505,0.0
32060000155145,84,0.5919799531991505,0.0
32060000155145,86,0.5919799531991505,0.0
32060000155145,88,0.5919799531991505,0.0
32060000155145,90,0.5919799531991505,0.0
32060000155145,92,0.5919799531991505,0.0
32060000155145,94,0.5919799531991505,0.0
32060000155145,96,0.5919799531991505,0.0
32060000155145,98,0.5919799531991505,0.0
32060000155145,100,0.5919799531991505,0.0
32060000155145,102,0.5919799531991505,0.0
32060000155145,104,0.5919799531991505,0.0
32060000155145,106,0.5919799531991505,0.0
32060000155145,108,0.5919799531991505,0.0
32060000155145,110,0.5919799531991505,0.0
32060000155145,112,0.5919799531991505,0.0
32060000155145,114,0.5919799531991505,0.0
32060000155145,116,0.5919799531991505,0.0
32060000155145,118,0.5919799531991505,0.0
32060000155145,120,0.5919799531991505,0.0
32060000155145,122,0.5919799531991505,0.0
32060000155145,124,0.5919799531991505,0.0
32060000155145,126,0.5919799531991505,0.0
32060000155145,128,0.5919799531991505,0.0
32060000155145,130,0.5919799531991505,0.0
32060000155145,132,0.5919799531991505,0.0
32060000155145,134,0.5919799531991505,0.0
32060000155145,136,0.5919799531991505,0.0
32060000155145,138,0.5919799531991505,0.0
32060000155145,140,0.5919799531991505,0.0
32060000155145,142,0.5919799531991505,0.0
32060000155145,144,0.5919799531991505,0.0
32060000155145,146,0.5919799531991505,0.0
32060000155145,148,0.5919799531991505,0.0
32060000155145,150,0.5919799531991505,0.0
32060000155145,152,0.5919799531991505,0.0
32060000155145,154,0.5919799531991505,0.0
32060000155145,156,0.5919799531991505,0.0
32060000155145,158,0.5919799531991505,0.0
32060000155145,160,0.5919799531991505,0.0
32060000155145,162,0.5919799531991505,0.0
32060000155145,164,0.5919799531991505,0.0
32060000155145,166,0.5919799531991505,0.0
32060000155145,168,0.5919799531991505,0.0
32060000155145,170,0.5919799531991505,0.0
32060000155145,172,0.5919799531991505,0.0
32060000155145,174,0.5919799531991505,0.0
32060000155145,176,0.5919799531991505,0.0
32060000155145,178,0.5919799531991505,0.0
32060000155145,180,0.5919799531991505,0.0
32060000155145,182,0.5919799531991505,0.0
32060000155145,184,0.5919799531991505,0.0
32060000155145,186,0.5919799531991505,0.0
32060000155145,188,0.5919799531991505,0.0
32060000155145,190,0.5919799531991505,0.0
32060000155145,192,0.5919799531991505,0.0
32060000155145,194,0.5919799531991505,0.0
32060000155145,196,0.5919799531991505,0.0
32060000155145,198,0.5919799531991505,0.0
32060000155145,200,0.5919799531991505,0.0
32060000153653,0,0.4069531159906223,4.798338841505157e-05
32060000153653,2,0.4069699237143155,0.3128988985281199
32060000153653,4,0.4069699237143155,0.1810824216976915
32060000153653,6,0.4069699237143155,0.09843289736033023
32060000153653,8,0.4069699237143155,0.05627407545513896
32060000153653,10,0.4069699237143155,0.027617091064834787
32060000153653,12,0.4069699237143155,0.014051740732911155
32060000153653,14,0.4069699237143155,0.008859120846917756
32060000153653,16,0.4069699237143155,0.004871909729120438
32060000153653,18,0.4069699237143155,0.003175820685398234
32060000153653,20,0.4069699237143155,0.0016035168903048014
32060000153653,22,0.4069699237143155,0.0007245192777386444
32060000153653,24,0.4069699237143155,0.0004074091951272729
32060000153653,26,0.4069699237143155,0.00018814834650049406
32060000153653,28,0.4069699237143155,0.00010467748139153521
32060000153653,30,0.4069699237143155,6.010326809036126e-05
32060000153653,32,0.4069699237143155,4.628443557641582e-05
32060000153653,34,0.4069699237143155,2.4942581078324366e-05
32060000153653,36,0.4069699237143155,1.4501453387549823e-05
32060000153653,38,0.4069699237143155,6.856892794560032e-06
32060000153653,40,0.4069699237143155,7.982962444197383e-06
32060000153653,42,0.4069699237143155,4.440861145260655e-06
32060000153653,44,0.4069699237143155,2.7649670537588378e-06
32060000153653,46,0.4069699237143155,2.0724043219289e-06
32060000153653,48,0.4069699237143155,1.3798411105936381e-06
32060000153653,50,0.4069699237143155,1.073209917157314e-06
32060000153653,52,0.4069699237143155,5.656822181787646e-07
32060000153653,54,0.4069699237143155,2.8019777420507097e-07
32060000153653,56,0.4069699237143155,2.590507751643045e-07
32060000153653,58,0.4069699237143155,1.5860252333688152e-07
32060000153653,60,0.4069699237143155,1.4802902259525297e-07
32060000153653,62,0.4069699237143155,1.0573501840749344e-07
32060000153653,64,0.4069699237143155,6.872776325828056e-08
32060000153653,66,0.4069699237143155,5.815426151745129e-08
32060000153653,68,0.4069699237143155,3.700725770272584e-08
32060000153653,70,0.4069699237143155,2.114700459188157e-08
32060000153653,72,0.4069699237143155,1.0573502295940784e-08
32060000153653,74,0.4069699237143155,5.286751147970392e-09
32060000153653,76,0.4069699237143155,5.286751147970392e-09
32060000153653,78,0.4069699237143155,5.286751147970392e-09
32060000153653,80,0.4069699237143155,5.286751147970392e-09
32060000153653,82,0.4069699237143155,0.0
32060000153653,84,0.4069699237143155,0.0
32060000153653,86,0.4069699237143155,0.0
32060000153653,88,0.4069699237143155,0.0
32060000153653,90,0.4069699237143155,0.0
32060000153653,92,0.40695311599062234,0.0
32060000153653,94,0.40695311599062234,0.0
32060000153653,96,0.40695311599062234,0.0
32060000153653,98,0.40695311599062234,0.0
32060000153653,100,0.40695311599062234,0.0
32060000153653,102,0.40695311599062234,0.0
32060000153653,104,0.40695311599062234,0.0
32060000153653,106,0.40695311599062234,0.0
32060000153653,108,0.40695311599062234,0.0
32060000153653,110,0.40695311599062234,0.0
32060000153653,112,0.40695311599062234,0.0
32060000153653,114,0.40695311599062234,0.0
32060000153653,116,0.40695311599062234,0.0
32060000153653,118,0.40695311599062234,0.0
32060000153653,120,0.40695311599062234,0.0
32060000153653,122,0.4069699237143155,0.0
32060000153653,124,0.40695311599062234,0.0
32060000153653,126,0.40695311599062234,0.0
32060000153653,128,0.40695311599062234,0.0
32060000153653,130,0.40695311599062234,0.0
32060000153653,132,0.40695311599062234,0.0
32060000153653,134,0.40695311599062234,0.0
32060000153653,136,0.40695311599062234,0.0
32060000153653,138,0.40695311599062234,0.0
32060000153653,140,0.40695311599062234,0.0
32060000153653,142,0.40695311599062234,0.0
32060000153653,144,0.40695311599062234,0.0
32060000153653,146,0.40695311599062234,0.0
32060000153653,148,0.40695311599062234,0.0
32060000153653,150,0.40695311599062234,0.0
32060000153653,152,0.40695311599062234,0.0
32060000153653,154,0.40695311599062234,0.0
32060000153653,156,0.40695311599062234,0.0
32060000153653,158,0.40695311599062234,0.0
32060000153653,160,0.40695311599062234,0.0
32060000153653,162,0.40695311599062234,0.0
32060000153653,164,0.40695311599062234,0.0
32060000153653,166,0.40695311599062234,0.0
32060000153653,168,0.40695311599062234,0.0
32060000153653,170,0.40695311599062234,0.0
32060000153653,172,0.40695311599062234,0.0
32060000153653,174,0.40695311599062234,0.0
32060000153653,176,0.40695311599062234,0.0
32060000153653,178,0.40695311599062234,0.0
32060000153653,180,0.40695311599062234,0.0
32060000153653,182,0.40695311599062234,0.0
32060000153653,184,0.40695311599062234,0.0
32060000153653,186,0.40695311599062234,0.0
32060000153653,188,0.40695311599062234,0.0
32060000153653,190,0.40695311599062234,0.0
32060000153653,192,0.40695311599062234,0.0
32060000153653,194,0.40695311599062234,0.0
32060000153653,196,0.40695311599062234,0.0
32060000153653,198,0.40695311599062234,0.0
32060000153653,200,0.40695311599062234,0.0
32060000162132,0,0.5836003585004444,0.0
32060000162132,2,0.5836003585004444,1.6575384798045434e-07
32060000162132,4,0.5836003585004444,9.576889326012861e-08
32060000162132,6,0.5836003585004444,4.420102883706534e-08
32060000162132,8,0.5836003585004444,7.735179918810786e-08
32060000162132,10,0.5836003585004444,6.998496138166388e-08
32060000162132,12,0.5836003585004444,3.3150771794332456e-08
32060000162132,14,0.5836003585004444,3.3150771794332456e-08
32060000162132,16,0.5836003585004444,1.841709562633298e-08
32060000162132,18,0.5836003585004444,1.841709562633298e-08
32060000162132,20,0.5836003585004444,1.841709562633298e-08
32060000162132,22,0.5836003585004444,1.1050257375799788e-08
32060000162132,24,0.5836003585004444,7.366838250533192e-09
32060000162132,26,0.5836003585004444,7.366838250533192e-09
32060000162132,28,0.5836003585004444,3.683419125266596e-09
32060000162132,30,0.5836003585004444,3.683419125266596e-09
32060000162132,32,0.5836003585004444,3.683419125266596e-09
32060000162132,34,0.5836003585004444,3.683419125266596e-09
32060000162132,36,0.5836003585004444,0.0
32060000162132,38,0.5836003585004444,0.0
32060000162132,40,0.5836003585004444,0.0
32060000162132,42,0.5836003585004444,0.0
32060000162132,44,0.5836003585004444,0.0
32060000162132,46,0.5836003585004444,0.0
32060000162132,48,0.5836003585004444,0.0
32060000162132,50,0.5836003585004444,0.0
32060000162132,52,0.5836003585004444,0.0
32060000162132,54,0.5836003585004444,0.0
32060000162132,56,0.5836003585004444,0.0
32060000162132,58,0.5836003585004444,0.0
32060000162132,60,0.5836003585004444,0.0
32060000162132,62,0.5836003585004444,0.0
32060000162132,64,0.5836003585004444,0.0
32060000162132,66,0.5836003585004444,0.0
32060000162132,68,0.5836003585004444,0.0
32060000162132,70,0.5836003585004444,0.0
32060000162132,72,0.5836003585004444,0.0
32060000162132,74,0.5836003585004444,0.0
32060000162132,76,0.5836003585004444,0.0
32060000162132,78,0.5836003585004444,0.0
32060000162132,80,0.5836003585004444,0.0
32060000162132,82,0.5836003585004444,0.0
32060000162132,84,0.5836003585004444,0.0
32060000162132,86,0.5836003585004444,0.0
32060000162132,88,0.5836003585004444,0.0
32060000162132,90,0.5836003585004444,0.0
32060000162132,92,0.5836003585004444,0.0
32060000162132,94,0.5836003585004444,0.0
32060000162132,96,0.5836003585004444,0.0
32060000162132,98,0.5836003585004444,0.0
32060000162132,100,0.5836003585004444,0.0
32060000162132,102,0.5836003585004444,0.0
32060000162132,104,0.5836003585004444,0.0
32060000162132,106,0.5836003585004444,0.0
32060000162132,108,0.5836003585004444,0.0
32060000162132,110,0.5836003585004444,0.0
32060000162132,112,1.407210433812042,0.0
32060000162132,114,0.5836003585004444,0.0
32060000162132,116,0.5836003585004444,0.0
32060000162132,118,1.407210433812042,0.0
32060000162132,120,1.407210433812042,0.0
32060000162132,122,0.5836003585004444,0.0
32060000162132,124,1.407210433812042,0.0
32060000162132,126,0.5836003585004444,0.0
32060000162132,128,0.5836003585004444,0.0
32060000162132,130,0.5836003585004444,0.0
32060000162132,132,0.5836003585004444,0.0
32060000162132,134,0.5836003585004444,0.0
32060000162132,136,0.5836003585004444,0.0
32060000162132,138,1.407210433812042,0.0
32060000162132,140,0.5836003585004444,0.0
32060000162132,142,0.5836003585004444,0.0
32060000162132,144,1.407210433812042,0.0
32060000162132,146,1.407210433812042,0.0
32060000162132,148,1.407210433812042,0.0
32060000162132,150,0.5836003585004444,0.0
32060000162132,152,0.5836003585004444,0.0
32060000162132,154,1.407210433812042,0.0
32060000162132,156,0.5836003585004444,0.0
32060000162132,158,1.407210433812042,0.0
32060000162132,160,0.5836003585004444,0.0
32060000162132,162,0.5836003585004444,0.0
32060000162132,164,0.5836003585004444,0.0
32060000162132,166,0.5836003585004444,0.0
32060000162132,168,0.5836003585004444,0.0
32060000162132,170,0.5836003585004444,0.0
32060000162132,172,0.5836003585004444,0.0
32060000162132,174,1.407210433812042,0.0
32060000162132,176,1.407210433812042,0.0
32060000162132,178,1.407210433812042,0.0
32060000162132,180,1.407210433812042,0.0
32060000162132,182,1.407210433812042,0.0
32060000162132,184,0.5836003585004444,0.0
32060000162132,186,0.5836003585004444,0.0
32060000162132,188,1.407210433812042,0.0
32060000162132,190,0.5836003585004444,0.0
32060000162132,192,1.407210433812042,0.0
32060000162132,194,1.407210433812042,0.0
32060000162132,196,1.407210433812042,0.0
32060000162132,198,1.407210433812042,0.0
32060000162132,200,0.5836003585004444,0.0
32060000170076,0,0.73080691852133,0.0
32060000170076,2,0.73080691852133,0.0
32060000170076,4,0.73080691852133,0.0
32060000170076,6,0.73080691852133,0.0
32060000170076,8,0.73080691852133,0.0
32060000170076,10,0.73080691852133,0.0
32060000170076,12,0.73080691852133,0.0
32060000170076,14,0.73080691852133,0.0
32060000170076,16,0.73080691852133,0.0
32060000170076,18,0.73080691852133,0.0
32060000170076,20,0.73080691852133,0.0
32060000170076,22,0.73080691852133,0.0
32060000170076,24,0.73080691852133,0.0
32060000170076,26,0.73080691852133,0.0
32060000170076,28,0.73080691852133,0.0
32060000170076,30,0.73080691852133,0.0
32060000170076,32,0.73080691852133,0.0
32060000170076,34,0.73080691852133,0.0
32060000170076,36,0.73080691852133,0.0
32060000170076,38,0.73080691852133,0.0
32060000170076,40,0.73080691852133,0.0
32060000170076,42,0.73080691852133,0.0
32060000170076,44,0.73080691852133,0.0
32060000170076,46,0.73080691852133,0.0
32060000170076,48,0.73080691852133,0.0
32060000170076,50,0.73080691852133,0.0
32060000170076,52,0.73080691852133,0.0
32060000170076,54,0.73080691852133,0.0
32060000170076,56,0.73080691852133,0.0
32060000170076,58,0.73080691852133,0.0
32060000170076,60,0.73080691852133,0.0
32060000170076,62,0.73080691852133,0.0
32060000170076,64,0.73080691852133,0.0
32060000170076,66,0.73080691852133,0.0
32060000170076,68,0.73080691852133,0.0
32060000170076,70,0.73080691852133,0.0
32060000170076,72,0.73080691852133,0.0
32060000170076,74,0.73080691852133,0.0
32060000170076,76,0.73080691852133,0.0
32060000170076,78,0.73080691852133,0.0
32060000170076,80,0.73080691852133,0.0
32060000170076,82,0.73080691852133,0.0
32060000170076,84,0.73080691852133,0.0
32060000170076,86,0.73080691852133,0.0
32060000170076,88,0.73080691852133,0.0
32060000170076,90,0.73080691852133,0.0
32060000170076,92,0.73080691852133,0.0
32060000170076,94,0.73080691852133,0.0
32060000170076,96,0.73080691852133,0.0
32060000170076,98,0.73080691852133,0.0
32060000170076,100,0.73080691852133,0.0
32060000170076,102,0.73080691852133,0.0
32060000170076,104,0.73080691852133,0.0
32060000170076,106,0.73080691852133,0.0
32060000170076,108,0.73080691852133,0.0
32060000170076,110,0.73080691852133,0.0
32060000170076,112,0.73080691852133,0.0
32060000170076,114,0.73080691852133,0.0
32060000170076,116,0.73080691852133,0.0
32060000170076,118,0.73080691852133,0.0
32060000170076,120,0.73080691852133,0.0
32060000170076,122,0.73080691852133,0.0
32060000170076,124,0.73080691852133,0.0
32060000170076,126,0.73080691852133,0.0
32060000170076,128,0.73080691852133,0.0
32060000170076,130,0.73080691852133,0.0
32060000170076,132,0.73080691852133,0.0
32060000170076,134,0.73080691852133,0.0
32060000170076,136,0.73080691852133,0.0
32060000170076,138,0.73080691852133,0.0
32060000170076,140,0.73080691852133,0.0
32060000170076,142,0.73080691852133,0.0
32060000170076,144,0.73080691852133,0.0
32060000170076,146,0.73080691852133,0.0
32060000170076,148,0.73080691852133,0.0
32060000170076,150,0.73080691852133,0.0
32060000170076,152,0.73080691852133,0.0
32060000170076,154,0.73080691852133,0.0
32060000170076,156,0.73080691852133,0.0
32060000170076,158,0.73080691852133,0.0
32060000170076,160,0.73080691852133,0.0
32060000170076,162,0.73080691852133,0.0
32060000170076,164,0.73080691852133,0.0
32060000170076,166,0.73080691852133,0.0
32060000170076,168,0.73080691852133,0.0
32060000170076,170,0.73080691852133,0.0
32060000170076,172,0.73080691852133,0.0
32060000170076,174,0.73080691852133,0.0
32060000170076,176,0.73080691852133,0.0
32060000170076,178,0.73080691852133,0.0
32060000170076,180,0.73080691852133,0.0
32060000170076,182,0.73080691852133,0.0
32060000170076,184,0.73080691852133,0.0
32060000170076,186,0.73080691852133,0.0
32060000170076,188,0.73080691852133,0.0
32060000170076,190,0.73080691852133,0.0
32060000170076,192,0.73080691852133,0.0
32060000170076,194,0.73080691852133,0.0
32060000170076,196,0.73080691852133,0.0
32060000170076,198,0.73080691852133,0.0
32060000170076,200,0.73080691852133,0.0
32060000171821,0,0.6862711175620116,0.0
32060000171821,2,0.6862233246590516,0.0
32060000171821,4,0.6862233246590516,0.0
32060000171821,6,0.6862233246590516,0.0
32060000171821,8,0.6862233246590516,0.0
32060000171821,10,0.6862233246590516,0.0
32060000171821,12,0.6862233246590516,0.0
32060000171821,14,0.6862233246590516,0.0
32060000171821,16,0.6862233246590516,0.0
32060000171821,18,0.6862233246590516,0.0
32060000171821,20,0.6862233246590516,0.0
32060000171821,22,0.6862233246590516,0.0
32060000171821,24,0.6862233246590516,0.0
32060000171821,26,0.6862233246590516,0.0
32060000171821,28,0.6862233246590516,0.0
32060000171821,30,0.6862233246590516,0.0
32060000171821,32,0.6862233246590516,0.0
32060000171821,34,0.6862233246590516,0.0
32060000171821,36,0.6862233246590516,0.0
32060000171821,38,0.6862233246590516,0.0
32060000171821,40,0.6862233246590516,0.0
32060000171821,42,0.6862233246590516,0.0
32060000171821,44,0.6862233246590516,0.0
32060000171821,46,0.6862233246590516,0.0
32060000171821,48,0.6862233246590516,0.0
32060000171821,50,0.6862233246590516,0.0
32060000171821,52,0.6862233246590516,0.0
32060000171821,54,0.6862233246590516,0.0
32060000171821,56,0.6862233246590516,0.0
32060000171821,58,0.6862233246590516,0.0
32060000171821,60,0.6862233246590516,0.0
32060000171821,62,0.6862233246590516,0.0
32060000171821,64,0.6862233246590516,0.0
32060000171821,66,0.6862233246590516,0.0
32060000171821,68,0.6862233246590516,0.0
32060000171821,70,0.6862233246590516,0.0
32060000171821,72,0.6862233246590516,0.0
32060000171821,74,0.6862233246590516,0.0
32060000171821,76,0.6862233246590516,0.0
32060000171821,78,0.6862233246590516,0.0
32060000171821,80,0.6862233246590516,0.0
32060000171821,82,0.6862233246590516,0.0
32060000171821,84,0.6862233246590516,0.0
32060000171821,86,0.6862233246590516,0.0
32060000171821,88,0.6862233246590516,0.0
32060000171821,90,0.6862233246590516,0.0
32060000171821,92,0.6862233246590516,0.0
32060000171821,94,0.6862233246590516,0.0
32060000171821,96,0.6862233246590516,0.0
32060000171821,98,0.6862233246590516,0.0
32060000171821,100,0.6862233246590516,0.0
32060000171821,102,0.6862233246590516,0.0
32060000171821,104,0.6862233246590516,0.0
32060000171821,106,0.6862233246590516,0.0
32060000171821,108,0.6862233246590516,0.0
32060000171821,110,0.6862233246590516,0.0
32060000171821,112,0.6862233246590516,0.0
32060000171821,114,0.6862233246590516,0.0
32060000171821,116,0.6862233246590516,0.0
32060000171821,118,0.6862233246590516,0.0
32060000171821,120,0.6862233246590516,0.0
32060000171821,122,0.6862233246590516,0.0
32060000171821,124,0.6862233246590516,0.0
32060000171821,126,0.6862233246590516,0.0
32060000171821,128,0.6862233246590516,0.0
32060000171821,130,0.6862233246590516,0.0
32060000171821,132,0.6862233246590516,0.0
32060000171821,134,0.6862233246590516,0.0
32060000171821,136,0.6862233246590516,0.0
32060000171821,138,0.6862233246590516,0.0
32060000171821,140,0.6862233246590516,0.0
32060000171821,142,0.6862233246590516,0.0
32060000171821,144,0.6862233246590516,0.0
32060000171821,146,0.6862233246590516,0.0
32060000171821,148,0.6862233246590516,0.0
32060000171821,150,0.6862233246590516,0.0
32060000171821,152,0.6862233246590516,0.0
32060000171821,154,0.6862233246590516,0.0
32060000171821,156,0.6862233246590516,0.0
32060000171821,158,0.6862233246590516,0.0
32060000171821,160,0.6862233246590516,0.0
32060000171821,162,0.6862233246590516,0.0
32060000171821,164,0.6862233246590516,0.0
32060000171821,166,0.6862233246590516,0.0
32060000171821,168,0.6862233246590516,0.0
32060000171821,170,0.6862233246590516,0.0
32060000171821,172,0.6862233246590516,0.0
32060000171821,174,0.6862233246590516,0.0
32060000171821,176,0.6862233246590516,0.0
32060000171821,178,0.6862233246590516,0.0
32060000171821,180,0.6862233246590516,0.0
32060000171821,182,0.6862233246590516,0.0
32060000171821,184,0.6862233246590516,0.0
32060000171821,186,0.6862233246590516,0.0
32060000171821,188,0.6862233246590516,0.0
32060000171821,190,0.6862233246590516,0.0
32060000171821,192,0.6862233246590516,0.0
32060000171821,194,0.6862233246590516,0.0
32060000171821,196,0.6862233246590516,0.0
32060000171821,198,0.6862233246590516,0.0
32060000171821,200,0.6862233246590516,0.0
32060000171151,0,0.5970374073455047,0.0
32060000171151,2,0.5970374073455047,1.440110745098977e-07
32060000171151,4,0.5970374073455047,5.760443222424527e-08
32060000171151,6,0.5970374073455047,2.1601662458792248e-08
32060000171151,8,0.5970374073455047,1.0800831340418426e-08
32060000171151,10,0.5970374073455047,3.6002770764653746e-09
32060000171151,12,0.5970374073455047,3.6002770764653746e-09
32060000171151,14,0.5970374073455047,0.0
32060000171151,16,0.5970374073455047,0.0
32060000171151,18,0.5970374073455047,0.0
32060000171151,20,0.5970374073455047,0.0
32060000171151,22,0.5970374073455047,0.0
32060000171151,24,0.5970374073455047,0.0
32060000171151,26,0.5970374073455047,0.0
32060000171151,28,0.5970374073455047,0.0
32060000171151,30,0.5970374073455047,0.0
32060000171151,32,0.5970374073455047,0.0
32060000171151,34,0.5970374073455047,0.0
32060000171151,36,0.5970374073455047,0.0
32060000171151,38,0.5970374073455047,0.0
32060000171151,40,0.5970374073455047,0.0
32060000171151,42,0.5970374073455047,0.0
32060000171151,44,0.5970374073455047,0.0
32060000171151,46,0.5970374073455047,0.0
32060000171151,48,0.5970374073455047,0.0
32060000171151,50,0.5970374073455047,0.0
32060000171151,52,0.5970374073455047,0.0
32060000171151,54,0.5970374073455047,0.0
32060000171151,56,0.5970374073455047,0.0
32060000171151,58,0.5970374073455047,0.0
32060000171151,60,0.5970374073455047,0.0
32060000171151,62,0.5970374073455047,0.0
32060000171151,64,0.5970374073455047,0.0
32060000171151,66,0.5970374073455047,0.0
32060000171151,68,0.5970374073455047,0.0
32060000171151,70,0.5970374073455047,0.0
32060000171151,72,0.5970374073455047,0.0
32060000171151,74,0.5970374073455047,0.0
32060000171151,76,0.5970374073455047,0.0
32060000171151,78,0.5970374073455047,0.0
32060000171151,80,0.5970374073455047,0.0
32060000171151,82,0.5970374073455047,0.0
32060000171151,84,0.5970374073455047,0.0
32060000171151,86,0.5970374073455047,0.0
32060000171151,88,0.5970374073455047,0.0
32060000171151,90,0.5970374073455047,0.0
32060000171151,92,0.5970374073455047,0.0
32060000171151,94,0.5970374073455047,0.0
32060000171151,96,0.5970374073455047,0.0
32060000171151,98,0.5970374073455047,0.0
32060000171151,100,0.5970374073455047,0.0
32060000171151,102,0.5970374073455047,0.0
32060000171151,104,0.5970374073455047,0.0
32060000171151,106,0.5970374073455047,0.0
32060000171151,108,0.5970374073455047,0.0
32060000171151,110,0.5970374073455047,0.0
32060000171151,112,0.5970374073455047,0.0
32060000171151,114,0.5970374073455047,0.0
32060000171151,116,0.5970374073455047,0.0
32060000171151,118,0.5970374073455047,0.0
32060000171151,120,0.5970374073455047,0.0
32060000171151,122,0.5970374073455047,0.0
32060000171151,124,0.5970374073455047,0.0
32060000171151,126,0.5970374073455047,0.0
32060000171151,128,0.5970374073455047,0.0
32060000171151,130,0.5970374073455047,0.0
32060000171151,132,0.5970374073455047,0.0
32060000171151,134,0.5970374073455047,0.0
32060000171151,136,0.5970374073455047,0.0
32060000171151,138,0.5970374073455047,0.0
32060000171151,140,0.5970374073455047,0.0
32060000171151,142,0.5970374073455047,0.0
32060000171151,144,0.5970374073455047,0.0
32060000171151,146,0.5970374073455047,0.0
32060000171151,148,0.5970374073455047,0.0
32060000171151,150,0.5970374073455047,0.0
32060000171151,152,0.5970374073455047,0.0
32060000171151,154,0.5970374073455047,0.0
32060000171151,156,0.5970374073455047,0.0
32060000171151,158,0.5970374073455047,0.0
32060000171151,160,0.5970374073455047,0.0
32060000171151,162,0.5970374073455047,0.0
32060000171151,164,0.5970374073455047,0.0
32060000171151,166,0.5970374073455047,0.0
32060000171151,168,0.5970374073455047,0.0
32060000171151,170,0.5970374073455047,0.0
32060000171151,172,0.5970374073455047,0.0
32060000171151,174,0.5970374073455047,0.0
32060000171151,176,0.5970374073455047,0.0
32060000171151,178,0.5970374073455047,0.0
32060000171151,180,0.5970374073455047,0.0
32060000171151,182,0.5970374073455047,0.0
32060000171151,184,0.5970374073455047,0.0
32060000171151,186,0.5970374073455047,0.0
32060000171151,188,0.5970374073455047,0.0
32060000171151,190,0.5970374073455047,0.0
32060000171151,192,0.5970374073455047,0.0
32060000171151,194,0.5970374073455047,0.0
32060000171151,196,0.5970374073455047,0.0
32060000171151,198,0.5970374073455047,0.0
32060000171151,200,0.5970374073455047,0.0
32060000163021,0,0.7469839227328802,0.0
32060000163021,2,0.7469839227328802,0.002604187203502639
32060000163021,4,0.7469839227328802,0.0013098186013487112
32060000163021,6,0.7469839227328802,0.0006641136749409027
32060000163021,8,0.7469839227328802,0.0003342074608262413
32060000163021,10,0.7469839227328802,0.00017974285944488688
32060000163021,12,0.7469839227328802,9.25522293183656e-05
32060000163021,14,0.7469839227328802,4.857308995720455e-05
32060000163021,16,0.7469839227328802,2.5392406870272666e-05
32060000163021,18,0.7469839227328802,1.3232540698182582e-05
32060000163021,20,0.7469839227328802,7.036098959134485e-06
32060000163021,22,0.7469839227328802,3.6258830878876935e-06
32060000163021,24,0.7469839227328802,1.9265215964736626e-06
32060000163021,26,0.7469839227328802,1.0006415311902828e-06
32060000163021,28,0.7469839227328802,5.261995507099826e-07
32060000163021,30,0.7469839227328802,2.78914550455589e-07
32060000163021,32,0.7469839227328802,1.4377039658786117e-07
32060000163021,34,0.7469839227328802,7.47606088147279e-08
32060000163021,36,0.7469839227328802,4.025571309629328e-08
32060000163021,38,0.7469839227328802,2.0127856714680092e-08
32060000163021,40,0.7469839227328802,1.1501632535271256e-08
32060000163021,42,0.7469839227328802,5.750816267635628e-09
32060000163021,44,0.7469839227328802,2.875408133817814e-09
32060000163021,46,0.7469839227328802,2.875408133817814e-09
32060000163021,48,0.7469839227328802,0.0
32060000163021,50,0.7469839227328802,0.0
32060000163021,52,0.7469839227328802,0.0
32060000163021,54,0.7469839227328802,0.0
32060000163021,56,0.7469839227328802,0.0
32060000163021,58,0.7469839227328802,0.0
32060000163021,60,0.7469839227328802,0.0
32060000163021,62,0.7469839227328802,0.0
32060000163021,64,0.7469839227328802,0.0
32060000163021,66,0.7469839227328802,0.0
32060000163021,68,0.7469839227328802,0.0
32060000163021,70,0.7469839227328802,0.0
32060000163021,72,0.7469839227328802,0.0
32060000163021,74,0.7469839227328802,0.0
32060000163021,76,0.7469839227328802,0.0
32060000163021,78,0.7469839227328802,0.0
32060000163021,80,0.7469839227328802,0.0
32060000163021,82,0.7469839227328802,0.0
32060000163021,84,0.7469839227328802,0.0
32060000163021,86,0.7469839227328802,0.0
32060000163021,88,0.7469839227328802,0.0
32060000163021,90,0.7469839227328802,0.0
32060000163021,92,0.7469839227328802,0.0
32060000163021,94,0.7469839227328802,0.0
32060000163021,96,0.7469839227328802,0.0
32060000163021,98,0.7469839227328802,0.0
32060000163021,100,0.7469839227328802,0.0
32060000163021,102,0.7469839227328802,0.0
32060000163021,104,0.7469839227328802,0.0
32060000163021,106,0.7469839227328802,0.0
32060000163021,108,0.7469839227328802,0.0
32060000163021,110,0.7469839227328802,0.0
32060000163021,112,0.7469839227328802,0.0
32060000163021,114,0.7469839227328802,0.0
32060000163021,116,0.7469839227328802,0.0
32060000163021,118,0.7469839227328802,0.0
32060000163021,120,0.7469839227328802,0.0
32060000163021,122,0.7469839227328802,0.0
32060000163021,124,0.7469839227328802,0.0
32060000163021,126,0.7469839227328802,0.0
32060000163021,128,0.7469839227328802,0.0
32060000163021,130,0.7469839227328802,0.0
32060000163021,132,0.7469839227328802,0.0
32060000163021,134,0.7469839227328802,0.0
32060000163021,136,0.7469839227328802,0.0
32060000163021,138,0.7469839227328802,0.0
32060000163021,140,0.7469839227328802,0.0
32060000163021,142,0.7469839227328802,0.0
32060000163021,144,0.7469839227328802,0.0
32060000163021,146,0.7469839227328802,0.0
32060000163021,148,0.7469839227328802,0.0
32060000163021,150,0.7469839227328802,0.0
32060000163021,152,0.7469839227328802,0.0
32060000163021,154,0.7469839227328802,0.0
32060000163021,156,0.7469839227328802,0.0
32060000163021,158,0.7469839227328802,0.0
32060000163021,160,0.7469839227328802,0.0
32060000163021,162,0.7469839227328802,0.0
32060000163021,164,0.7469839227328802,0.0
32060000163021,166,0.7469839227328802,0.0
32060000163021,168,0.7469839227328802,0.0
32060000163021,170,0.7469839227328802,0.0
32060000163021,172,0.7469839227328802,0.0
32060000163021,174,0.7469839227328802,0.0
32060000163021,176,0.7469839227328802,0.0
32060000163021,178,0.7469839227328802,0.0
32060000163021,180,0.7469839227328802,0.0
32060000163021,182,0.7469839227328802,0.0
32060000163021,184,0.7469839227328802,0.0
32060000163021,186,0.7469839227328802,0.0
32060000163021,188,0.7469839227328802,0.0
32060000163021,190,0.7469839227328802,0.0
32060000163021,192,0.7469839227328802,0.0
32060000163021,194,0.7469839227328802,0.0
32060000163021,196,0.7469839227328802,0.0
32060000163021,198,0.7469839227328802,0.0
32060000163021,200,0.7469839227328802,0.0
32060000182005,0,0.8137963799668496,0.0
32060000182005,2,0.8137963799668496,2.8205019451110758e-06
32060000182005,4,0.8137963799668496,1.4221249872159447e-06
32060000182005,6,0.8137963799668496,1.0026115185857165e-06
32060000182005,8,0.8137963799668496,5.118596902997652e-07
32060000182005,10,0.8137963799668496,3.218911760471954e-07
32060000182005,12,0.8137963799668496,1.5566869648875326e-07
32060000182005,14,0.8137963799668496,8.970738729630057e-08
32060000182005,16,0.8137963799668496,6.332286250909647e-08
32060000182005,18,0.8137963799668496,4.749214721488926e-08
32060000182005,20,0.8137963799668496,3.4299884377198e-08
32060000182005,22,0.8137963799668496,1.5830715960341024e-08
32060000182005,24,0.8137963799668496,1.0553810714242218e-08
32060000182005,26,0.8137963799668496,5.276905357121109e-09
32060000182005,28,0.8137963799668496,2.6384526785605544e-09
32060000182005,30,0.8137963799668496,2.6384526785605544e-09
32060000182005,32,0.8137963799668496,0.0
32060000182005,34,0.8137963799668496,0.0
32060000182005,36,0.8137963799668496,0.0
32060000182005,38,0.8137963799668496,0.0
32060000182005,40,0.8137963799668496,0.0
32060000182005,42,0.8137963799668496,0.0
32060000182005,44,0.8137963799668496,0.0
32060000182005,46,0.8137963799668496,0.0
32060000182005,48,0.8137963799668496,0.0
32060000182005,50,0.8137963799668496,0.0
32060000182005,52,0.8137963799668496,0.0
32060000182005,54,0.8137963799668496,0.0
32060000182005,56,0.8137963799668496,0.0
32060000182005,58,0.8137963799668496,0.0
32060000182005,60,0.8137963799668496,0.0
32060000182005,62,0.8137963799668496,0.0
32060000182005,64,0.8137963799668496,0.0
32060000182005,66,0.8137963799668496,0.0
32060000182005,68,0.8137963799668496,0.0
32060000182005,70,0.8137963799668496,0.0
32060000182005,72,0.8137963799668496,0.0
32060000182005,74,0.8137963799668496,0.0
32060000182005,76,0.8137963799668496,0.0
32060000182005,78,0.8137963799668496,0.0
32060000182005,80,0.8137963799668496,0.0
32060000182005,82,0.8137963799668496,0.0
32060000182005,84,0.8137963799668496,0.0
32060000182005,86,0.8137963799668496,0.0
32060000182005,88,0.8137963799668496,0.0
32060000182005,90,0.8137963799668496,0.0
32060000182005,92,0.8137963799668496,0.0
32060000182005,94,0.8137963799668496,0.0
32060000182005,96,0.8137963799668496,0.0
32060000182005,98,0.8137963799668496,0.0
32060000182005,100,0.8137963799668496,0.0
32060000182005,102,0.8137963799668496,0.0
32060000182005,104,0.8137963799668496,0.0
32060000182005,106,0.8137963799668496,0.0
32060000182005,108,0.8137963799668496,0.0
32060000182005,110,0.8137963799668496,0.0
32060000182005,112,0.8137963799668496,0.0
32060000182005,114,0.8137963799668496,0.0
32060000182005,116,0.8137963799668496,0.0
32060000182005,118,0.8137963799668496,0.0
32060000182005,120,0.8137963799668496,0.0
32060000182005,122,0.8137963799668496,0.0
32060000182005,124,0.8137963799668496,0.0
32060000182005,126,0.8137963799668496,0.0
32060000182005,128,0.8137963799668496,0.0
32060000182005,130,0.8137963799668496,0.0
32060000182005,132,0.8137963799668496,0.0
32060000182005,134,0.8137963799668496,0.0
32060000182005,136,0.8137963799668496,0.0
32060000182005,138,0.8137963799668496,0.0
32060000182005,140,0.8137963799668496,0.0
32060000182005,142,0.8137963799668496,0.0
32060000182005,144,0.8137963799668496,0.0
32060000182005,146,0.8137963799668496,0.0
32060000182005,148,0.8137963799668496,0.0
32060000182005,150,0.8137963799668496,0.0
32060000182005,152,0.8137963799668496,0.0
32060000182005,154,0.8137963799668496,0.0
32060000182005,156,0.8137963799668496,0.0
32060000182005,158,0.8137963799668496,0.0
32060000182005,160,0.8137963799668496,0.0
32060000182005,162,0.8137963799668496,0.0
32060000182005,164,0.8137963799668496,0.0
32060000182005,166,0.8137963799668496,0.0
32060000182005,168,0.8137963799668496,0.0
32060000182005,170,0.8137963799668496,0.0
32060000182005,172,0.8137963799668496,0.0
32060000182005,174,0.8137963799668496,0.0
32060000182005,176,0.8137963799668496,0.0
32060000182005,178,0.8137963799668496,0.0
32060000182005,180,0.8137963799668496,0.0
32060000182005,182,0.8137963799668496,0.0
32060000182005,184,0.8137963799668496,0.0
32060000182005,186,0.8137963799668496,0.0
32060000182005,188,0.8137963799668496,0.0
32060000182005,190,0.8137963799668496,0.0
32060000182005,192,0.8137963799668496,0.0
32060000182005,194,0.8137963799668496,0.0
32060000182005,196,0.8137963799668496,0.0
32060000182005,198,0.8137963799668496,0.0
32060000182005,200,0.8137963799668496,0.0
32060000260681,0,0.4754879927207069,6.785061468228548e-08
32060000260681,2,0.4754879927207069,2.261687204185847e-08
32060000260681,4,0.4754879927207069,4.523374452780615e-09
32060000260681,6,0.4754879927207069,4.523374452780615e-09
32060000260681,8,0.4754879927207069,0.0
32060000260681,10,0.4754879927207069,0.0
32060000260681,12,0.4754879927207069,0.0
32060000260681,14,0.4754879927207069,0.0
32060000260681,16,0.4754879927207069,0.0
32060000260681,18,0.4754879927207069,0.0
32060000260681,20,0.4754879927207069,0.0
32060000260681,22,0.4754879927207069,0.0
32060000260681,24,0.4754879927207069,0.0
32060000260681,26,0.4754879927207069,0.0
32060000260681,28,0.4754879927207069,0.0
32060000260681,30,0.4754879927207069,0.0
32060000260681,32,0.4754879927207069,0.0
32060000260681,34,0.4754879927207069,0.0
32060000260681,36,0.4754879927207069,0.0
32060000260681,38,0.4754879927207069,0.0
32060000260681,40,0.4754879927207069,0.0
32060000260681,42,0.4754879927207069,0.0
32060000260681,44,0.4754879927207069,0.0
32060000260681,46,0.4754879927207069,0.0
32060000260681,48,0.4754879927207069,0.0
32060000260681,50,0.4754879927207069,0.0
32060000260681,52,0.4754879927207069,0.0
32060000260681,54,0.4754879927207069,0.0
32060000260681,56,0.4754879927207069,0.0
32060000260681,58,0.4754879927207069,0.0
32060000260681,60,0.4754879927207069,0.0
32060000260681,62,0.4754879927207069,0.0
32060000260681,64,0.4754879927207069,0.0
32060000260681,66,0.4754879927207069,0.0
32060000260681,68,0.4754879927207069,0.0
32060000260681,70,0.4754879927207069,0.0
32060000260681,72,0.4754879927207069,0.0
32060000260681,74,0.4754879927207069,0.0
32060000260681,76,0.4754879927207069,0.0
32060000260681,78,0.4754879927207069,0.0
32060000260681,80,0.4754879927207069,0.0
32060000260681,82,0.4754879927207069,0.0
32060000260681,84,0.4754879927207069,0.0
32060000260681,86,0.4754879927207069,0.0
32060000260681,88,0.4754879927207069,0.0
32060000260681,90,0.4754879927207069,0.0
32060000260681,92,0.4754879927207069,0.0
32060000260681,94,0.4754879927207069,0.0
32060000260681,96,0.4754879927207069,0.0
32060000260681,98,0.4754879927207069,0.0
32060000260681,100,0.4754879927207069,0.0
32060000260681,102,0.4754879927207069,0.0
32060000260681,104,0.4754879927207069,0.0
32060000260681,106,0.4754879927207069,0.0
32060000260681,108,0.4754879927207069,0.0
32060000260681,110,0.4754879927207069,0.0
32060000260681,112,0.4754879927207069,0.0
32060000260681,114,0.4754879927207069,0.0
32060000260681,116,0.4754879927207069,0.0
32060000260681,118,0.4754879927207069,0.0
32060000260681,120,0.4754879927207069,0.0
32060000260681,122,0.4754879927207069,0.0
32060000260681,124,0.4754879927207069,0.0
32060000260681,126,0.4754879927207069,0.0
32060000260681,128,0.4754879927207069,0.0
32060000260681,130,0.4754879927207069,0.0
32060000260681,132,0.4754879927207069,0.0
32060000260681,134,0.4754879927207069,0.0
32060000260681,136,0.4754879927207069,0.0
32060000260681,138,0.4754879927207069,0.0
32060000260681,140,0.4754879927207069,0.0
32060000260681,142,0.4754879927207069,0.0
32060000260681,144,0.4754879927207069,0.0
32060000260681,146,0.4754879927207069,0.0
32060000260681,148,0.4754879927207069,0.0
32060000260681,150,0.4754879927207069,0.0
32060000260681,152,0.4754879927207069,0.0
32060000260681,154,0.4754879927207069,0.0
32060000260681,156,0.4754879927207069,0.0
32060000260681,158,0.4754879927207069,0.0
32060000260681,160,0.4754879927207069,0.0
32060000260681,162,0.4754879927207069,0.0
32060000260681,164,0.4754879927207069,0.0
32060000260681,166,0.4754879927207069,0.0
32060000260681,168,0.4754879927207069,0.0
32060000260681,170,0.4754879927207069,0.0
32060000260681,172,0.4754879927207069,0.0
32060000260681,174,0.4754879927207069,0.0
32060000260681,176,0.4754879927207069,0.0
32060000260681,178,0.4754879927207069,0.0
32060000260681,180,0.4754879927207069,0.0
32060000260681,182,0.4754879927207069,0.0
32060000260681,184,0.4754879927207069,0.0
32060000260681,186,0.4754879927207069,0.0
32060000260681,188,0.4754879927207069,0.0
32060000260681,190,0.4754879927207069,0.0
32060000260681,192,0.4754879927207069,0.0
32060000260681,194,0.4754879927207069,0.0
32060000260681,196,0.4754879927207069,0.0
32060000260681,198,0.4754879927207069,0.0
32060000260681,200,0.4754879927207069,0.0
32060000300184,0,0.6018141774831136,0.0
32060000300184,2,0.6018141774831136,2.5001302805804926e-08
32060000300184,4,0.6018141774831136,1.0714844123071998e-08
32060000300184,6,0.6018141774831136,3.571614670683232e-09
32060000300184,8,0.6018141774831136,0.0
32060000300184,10,0.6018141774831136,0.0
32060000300184,12,0.6018141774831136,0.0
32060000300184,14,0.6018141774831136,0.0
32060000300184,16,0.6018141774831136,0.0
32060000300184,18,0.6018141774831136,0.0
32060000300184,20,0.6018141774831136,0.0
32060000300184,22,0.6018141774831136,0.0
32060000300184,24,0.6018141774831136,0.0
32060000300184,26,0.6018141774831136,0.0
32060000300184,28,0.6018141774831136,0.0
32060000300184,30,0.6018141774831136,0.0
32060000300184,32,0.6018141774831136,0.0
32060000300184,34,0.6018141774831136,0.0
32060000300184,36,0.6018141774831136,0.0
32060000300184,38,0.6018141774831136,0.0
32060000300184,40,0.6018141774831136,0.0
32060000300184,42,0.6018141774831136,0.0
32060000300184,44,0.6018141774831136,0.0
32060000300184,46,0.6018141774831136,0.0
32060000300184,48,0.6018141774831136,0.0
32060000300184,50,0.6018141774831136,0.0
32060000300184,52,0.6018141774831136,0.0
32060000300184,54,0.6018141774831136,0.0
32060000300184,56,0.6018141774831136,0.0
32060000300184,58,0.6018141774831136,0.0
32060000300184,60,0.6018141774831136,0.0
32060000300184,62,0.6018141774831136,0.0
32060000300184,64,0.6018141774831136,0.0
32060000300184,66,0.6018141774831136,0.0
32060000300184,68,0.6018141774831136,0.0
32060000300184,70,0.6018141774831136,0.0
32060000300184,72,0.6018141774831136,0.0
32060000300184,74,0.6018141774831136,0.0
32060000300184,76,0.6018141774831136,0.0
32060000300184,78,0.6018141774831136,0.0
32060000300184,80,0.6018141774831136,0.0
32060000300184,82,0.6018141774831136,0.0
32060000300184,84,0.6018141774831136,0.0
32060000300184,86,0.6018141774831136,0.0
32060000300184,88,0.6018141774831136,0.0
32060000300184,90,0.6018141774831136,0.0
32060000300184,92,0.6018141774831136,0.0
32060000300184,94,0.6018141774831136,0.0
32060000300184,96,0.6018141774831136,0.0
32060000300184,98,0.6018141774831136,0.0
32060000300184,100,0.6018141774831136,0.0
32060000300184,102,0.6018141774831136,0.0
32060000300184,104,0.6018141774831136,0.0
32060000300184,106,0.6018141774831136,0.0
32060000300184,108,0.6018141774831136,0.0
32060000300184,110,0.6018141774831136,0.0
32060000300184,112,0.6018141774831136,0.0
32060000300184,114,0.6018141774831136,0.0
32060000300184,116,0.6018141774831136,0.0
32060000300184,118,0.6018141774831136,0.0
32060000300184,120,0.6018141774831136,0.0
32060000300184,122,0.6018141774831136,0.0
32060000300184,124,0.6018141774831136,0.0
32060000300184,126,0.6018141774831136,0.0
32060000300184,128,0.6018141774831136,0.0
32060000300184,130,0.6018141774831136,0.0
32060000300184,132,0.6018141774831136,0.0
32060000300184,134,0.6018141774831136,0.0
32060000300184,136,0.6018141774831136,0.0
32060000300184,138,0.6018141774831136,0.0
32060000300184,140,0.6018141774831136,0.0
32060000300184,142,0.6018141774831136,0.0
32060000300184,144,0.6018141774831136,0.0
32060000300184,146,0.6018141774831136,0.0
32060000300184,148,0.6018141774831136,0.0
32060000300184,150,0.6018141774831136,0.0
32060000300184,152,0.6018141774831136,0.0
32060000300184,154,0.6018141774831136,0.0
32060000300184,156,0.6018141774831136,0.0
32060000300184,158,0.6018141774831136,0.0
32060000300184,160,0.6018141774831136,0.0
32060000300184,162,0.6018141774831136,0.0
32060000300184,164,0.6018141774831136,0.0
32060000300184,166,0.6018141774831136,0.0
32060000300184,168,0.6018141774831136,0.0
32060000300184,170,0.6018141774831136,0.0
32060000300184,172,0.6018141774831136,0.0
32060000300184,174,0.6018141774831136,0.0
32060000300184,176,0.6018141774831136,0.0
32060000300184,178,0.6018141774831136,0.0
32060000300184,180,0.6018141774831136,0.0
32060000300184,182,0.6018141774831136,0.0
32060000300184,184,0.6018141774831136,0.0
32060000300184,186,0.6018141774831136,0.0
32060000300184,188,0.6018141774831136,0.0
32060000300184,190,0.6018141774831136,0.0
32060000300184,192,0.6018141774831136,0.0
32060000300184,194,0.6018141774831136,0.0
32060000300184,196,0.6018141774831136,0.0
32060000300184,198,0.6018141774831136,0.0
32060000300184,200,0.6018141774831136,0.0
32060000305341,0,0.5604319834613976,0.0
32060000305341,2,0.5604319834613976,3.947378685364988e-06
32060000305341,4,0.5604319834613976,1.7032440261521842e-06
32060000305341,6,0.5604319834613976,7.787358043964687e-07
32060000305341,8,0.5604319834613976,3.414162647041863e-07
32060000305341,10,0.5604319834613976,1.381009751000306e-07
32060000305341,12,0.5604319834613976,6.137821351170913e-08
32060000305341,14,0.5604319834613976,2.6852968848523062e-08
32060000305341,16,0.5604319834613976,1.15084153318179e-08
32060000305341,18,0.5604319834613976,7.672276924886035e-09
32060000305341,20,0.5604319834613976,3.836138406931866e-09
32060000305341,22,0.5604319834613976,0.0
32060000305341,24,0.5604319834613976,0.0
32060000305341,26,0.5604319834613976,0.0
32060000305341,28,0.5604319834613976,0.0
32060000305341,30,0.5604319834613976,0.0
32060000305341,32,0.5604319834613976,0.0
32060000305341,34,0.5604319834613976,0.0
32060000305341,36,0.5604319834613976,0.0
32060000305341,38,0.5604319834613976,0.0
32060000305341,40,0.5604319834613976,0.0
32060000305341,42,0.5604319834613976,0.0
32060000305341,44,0.5604319834613976,0.0
32060000305341,46,0.5604319834613976,0.0
32060000305341,48,0.5604319834613976,0.0
32060000305341,50,0.5604319834613976,0.0
32060000305341,52,0.5604319834613976,0.0
32060000305341,54,0.5604319834613976,0.0
32060000305341,56,0.5604319834613976,0.0
32060000305341,58,0.5604319834613976,0.0
32060000305341,60,0.5604319834613976,0.0
32060000305341,62,0.5604319834613976,0.0
32060000305341,64,0.5604319834613976,0.0
32060000305341,66,0.5604319834613976,0.0
32060000305341,68,0.5604319834613976,0.0
32060000305341,70,0.5604319834613976,0.0
32060000305341,72,0.5604319834613976,0.0
32060000305341,74,0.5604319834613976,0.0
32060000305341,76,0.5604319834613976,0.0
32060000305341,78,0.5604319834613976,0.0
32060000305341,80,0.5604319834613976,0.0
32060000305341,82,0.5604319834613976,0.0
32060000305341,84,0.5604319834613976,0.0
32060000305341,86,0.5604319834613976,0.0
32060000305341,88,0.5604319834613976,0.0
32060000305341,90,0.5604319834613976,0.0
32060000305341,92,0.5604319834613976,0.0
32060000305341,94,0.5604319834613976,0.0
32060000305341,96,0.5604319834613976,0.0
32060000305341,98,0.5604319834613976,0.0
32060000305341,100,0.5604319834613976,0.0
32060000305341,102,0.5604319834613976,0.0
32060000305341,104,0.5604319834613976,0.0
32060000305341,106,0.5604319834613976,0.0
32060000305341,108,0.5604319834613976,0.0
32060000305341,110,0.5604319834613976,0.0
32060000305341,112,0.5604319834613976,0.0
32060000305341,114,0.5604319834613976,0.0
32060000305341,116,0.5604319834613976,0.0
32060000305341,118,0.5604319834613976,0.0
32060000305341,120,0.5604319834613976,0.0
32060000305341,122,0.5604319834613976,0.0
32060000305341,124,0.5604319834613976,0.0
32060000305341,126,0.5604319834613976,0.0
32060000305341,128,0.5604319834613976,0.0
32060000305341,130,0.5604319834613976,0.0
32060000305341,132,0.5604319834613976,0.0
32060000305341,134,0.5604319834613976,0.0
32060000305341,136,0.5604319834613976,0.0
32060000305341,138,0.5604319834613976,0.0
32060000305341,140,0.5604319834613976,0.0
32060000305341,142,0.5604319834613976,0.0
32060000305341,144,0.5604319834613976,0.0
32060000305341,146,0.5604319834613976,0.0
32060000305341,148,0.5604319834613976,0.0
32060000305341,150,0.5604319834613976,0.0
32060000305341,152,0.5604319834613976,0.0
32060000305341,154,0.5604319834613976,0.0
32060000305341,156,0.5604319834613976,0.0
32060000305341,158,0.5604319834613976,0.0
32060000305341,160,0.5604319834613976,0.0
32060000305341,162,0.5604319834613976,0.0
32060000305341,164,0.5604319834613976,0.0
32060000305341,166,0.5604319834613976,0.0
32060000305341,168,0.5604319834613976,0.0
32060000305341,170,0.5604319834613976,0.0
32060000305341,172,0.5604319834613976,0.0
32060000305341,174,0.5604319834613976,0.0
32060000305341,176,0.5604319834613976,0.0
32060000305341,178,0.5604319834613976,0.0
32060000305341,180,0.5604319834613976,0.0
32060000305341,182,0.5604319834613976,0.0
32060000305341,184,0.5604319834613976,0.0
32060000305341,186,0.5604319834613976,0.0
32060000305341,188,0.5604319834613976,0.0
32060000305341,190,0.5604319834613976,0.0
32060000305341,192,0.5604319834613976,0.0
32060000305341,194,0.5604319834613976,0.0
32060000305341,196,0.5604319834613976,0.0
32060000305341,198,0.5604319834613976,0.0
32060000305341,200,0.5604319834613976,0.0
32060000309668,0,0.6007501534588312,0.0
32060000309668,2,0.6007501534588358,0.0
32060000309668,4,0.6007501534588358,0.0
32060000309668,6,0.6007501534588358,0.0
32060000309668,8,0.6007501534588358,0.0
32060000309668,10,0.6007501534588358,0.0
32060000309668,12,0.6007501534588358,0.0
32060000309668,14,0.6007501534588358,0.0
32060000309668,16,0.6007501534588358,0.0
32060000309668,18,0.6007501534588358,0.0
32060000309668,20,0.6007501534588358,0.0
32060000309668,22,0.6007501534588358,0.0
32060000309668,24,0.6007501534588358,0.0
32060000309668,26,0.6007501534588358,0.0
32060000309668,28,0.6007501534588358,0.0
32060000309668,30,0.6007501534588358,0.0
32060000309668,32,0.6007501534588358,0.0
32060000309668,34,0.6007501534588358,0.0
32060000309668,36,0.6007501534588358,0.0
32060000309668,38,0.6007501534588358,0.0
32060000309668,40,0.6007501534588358,0.0
32060000309668,42,0.6007501534588358,0.0
32060000309668,44,0.6007501534588358,0.0
32060000309668,46,0.6007501534588358,0.0
32060000309668,48,0.6007501534588358,0.0
32060000309668,50,0.6007501534588358,0.0
32060000309668,52,0.6007501534588358,0.0
32060000309668,54,0.6007501534588358,0.0
32060000309668,56,0.6007501534588358,0.0
32060000309668,58,0.6007501534588358,0.0
32060000309668,60,0.6007501534588358,0.0
32060000309668,62,0.6007501534588358,0.0
32060000309668,64,0.6007501534588358,0.0
32060000309668,66,0.6007501534588358,0.0
32060000309668,68,0.6007501534588358,0.0
32060000309668,70,0.6007501534588358,0.0
32060000309668,72,0.6007501534588358,0.0
32060000309668,74,0.6007501534588358,0.0
32060000309668,76,0.6007501534588358,0.0
32060000309668,78,0.6007501534588358,0.0
32060000309668,80,0.6007501534588358,0.0
32060000309668,82,0.6007501534588358,0.0
32060000309668,84,0.6007501534588358,0.0
32060000309668,86,0.6007501534588358,0.0
32060000309668,88,0.6007501534588358,0.0
32060000309668,90,0.6007501534588358,0.0
32060000309668,92,0.6007501534588358,0.0
32060000309668,94,0.6007501534588358,0.0
32060000309668,96,0.6007501534588358,0.0
32060000309668,98,0.6007501534588358,0.0
32060000309668,100,0.6007501534588358,0.0
32060000309668,102,0.6007501534588358,0.0
32060000309668,104,0.6007501534588358,0.0
32060000309668,106,0.6007501534588358,0.0
32060000309668,108,0.6007501534588358,0.0
32060000309668,110,0.6007501534588358,0.0
32060000309668,112,0.6007501534588358,0.0
32060000309668,114,0.6007501534588358,0.0
32060000309668,116,0.6007501534588358,0.0
32060000309668,118,0.6007501534588358,0.0
32060000309668,120,0.6007501534588358,0.0
32060000309668,122,0.6007501534588358,0.0
32060000309668,124,0.6007501534588358,0.0
32060000309668,126,0.6007501534588358,0.0
32060000309668,128,0.6007501534588358,0.0
32060000309668,130,0.6007501534588358,0.0
32060000309668,132,0.6007501534588358,0.0
32060000309668,134,0.6007501534588358,0.0
32060000309668,136,0.6007501534588358,0.0
32060000309668,138,0.6007501534588358,0.0
32060000309668,140,0.6007501534588358,0.0
32060000309668,142,0.6007501534588358,0.0
32060000309668,144,0.6007501534588358,0.0
32060000309668,146,0.6007501534588358,0.0
32060000309668,148,0.6007501534588358,0.0
32060000309668,150,0.6007501534588358,0.0
32060000309668,152,0.6007501534588358,0.0
32060000309668,154,0.6007501534588358,0.0
32060000309668,156,0.6007501534588358,0.0
32060000309668,158,0.6007501534588358,0.0
32060000309668,160,0.6007501534588358,0.0
32060000309668,162,0.6007501534588358,0.0
32060000309668,164,0.6007501534588358,0.0
32060000309668,166,0.6007501534588358,0.0
32060000309668,168,0.6007501534588358,0.0
32060000309668,170,0.6007501534588358,0.0
32060000309668,172,0.6007501534588358,0.0
32060000309668,174,0.6007501534588358,0.0
32060000309668,176,0.6007501534588358,0.0
32060000309668,178,0.6007501534588358,0.0
32060000309668,180,0.6007501534588358,0.0
32060000309668,182,0.6007501534588358,0.0
32060000309668,184,0.6007501534588358,0.0
32060000309668,186,0.6007501534588358,0.0
32060000309668,188,0.6007501534588358,0.0
32060000309668,190,0.6007501534588358,0.0
32060000309668,192,0.6007501534588358,0.0
32060000309668,194,0.6007501534588358,0.0
32060000309668,196,0.6007501534588358,0.0
32060000309668,198,0.6007501534588358,0.0
32060000309668,200,0.6007501534588358,0.0
32060000316730,0,0.2006355191400793,1.0
32060000316730,2,0.17994516276400607,1.0
32060000316730,4,0.17994516276400607,1.0
32060000316730,6,0.17994516276400607,1.0
32060000316730,8,0.17994516276400607,1.0
32060000316730,10,0.17994516276400607,1.0
32060000316730,12,0.17994516276400607,1.0
32060000316730,14,0.17994516276400607,1.0
32060000316730,16,0.17994516276400607,1.0
32060000316730,18,0.17994516276400607,1.0
32060000316730,20,0.17994516276400607,1.0
32060000316730,22,0.17994516276400607,1.0
32060000316730,24,0.17994516276400607,1.0
32060000316730,26,0.17994516276400607,1.0
32060000316730,28,0.17994516276400607,1.0
32060000316730,30,0.17994516276400607,1.0
32060000316730,32,0.17994516276400607,0.9999999999994912
32060000316730,34,0.17994516276400607,0.9999999975282309
32060000316730,36,0.17994516276400607,0.9999990804803739
32060000316730,38,0.17994516276400607,0.9999409722774364
32060000316730,40,0.17994516276400607,0.9989102678345216
32060000316730,42,0.17994516276400607,0.991774787488342
32060000316730,44,0.17994516276400607,0.965778257291371
32060000316730,46,0.17994516276400607,0.9064092878042528
32060000316730,48,0.17994516276400607,0.810812656682634
32060000316730,50,0.17994516276400607,0.6889997027211191
32060000316730,52,0.17994516276400607,0.5595942830000478
32060000316730,54,0.17994516276400607,0.4369939517693847
32060000316730,56,0.17994516276400607,0.33302725004378597
32060000316730,58,0.17994516276400607,0.2473125172648113
32060000316730,60,0.17994516276400607,0.18140296481203166
32060000316730,62,0.17994516276400607,0.131506664706725
32060000316730,64,0.17994516276400607,0.09452227770087862
32060000316730,66,0.17994516276400607,0.06731068481223723
32060000316730,68,0.17994516276400607,0.04766484607248267
32060000316730,70,0.17994516276400607,0.033891987437944415
32060000316730,72,0.17994516276400607,0.023917033567333323
32060000316730,74,0.17994516276400607,0.016916126607366855
32060000316730,76,0.17994516276400607,0.011963818810384774
32060000316730,78,0.17994516276400607,0.008401410607873139
32060000316730,80,0.17994516276400607,0.005916068691811938
32060000316730,82,0.17994516276400607,0.004182280494149593
32060000316730,84,0.17994516276400607,0.0029615689780682075
32060000316730,86,0.17994516276400607,0.0020884994059112705
32060000316730,88,0.17994516276400607,0.0014712745291254326
32060000316730,90,0.17994516276400607,0.0010329811396013744
32060000316730,92,0.17994516276400607,0.0007266677563836366
32060000316730,94,0.17994516276400607,0.0005126638923610427
32060000316730,96,0.17994516276400607,0.0003614733893806399
32060000316730,98,0.17994516276400607,0.0002544081646834728
32060000316730,100,0.17994516276400607,0.00018032816186441813
32060000316730,102,0.17994516276400607,0.00012696082961960453
32060000316730,104,0.17994516276400607,9.04793455664965e-05
32060000316730,106,0.17994516276400607,6.419461673989879e-05
32060000316730,108,0.17994516276400607,4.5294560020225916e-05
32060000316730,110,0.17994516276400607,3.179259080388075e-05
32060000316730,112,0.17994516276400607,2.2384195965674536e-05
32060000316730,114,0.17994516276400607,1.5884451648018327e-05
32060000316730,116,0.17994516276400607,1.1263981562148473e-05
32060000316730,118,0.17994516276400607,7.960212659363641e-06
32060000316730,120,0.17994516276400607,5.614051303393097e-06
32060000316730,122,0.17994516276400607,3.962158883208389e-06
32060000316730,124,0.17994516276400607,2.8010444620418795e-06
32060000316730,126,0.17994516276400607,1.999036806643595e-06
32060000316730,128,0.17994516276400607,1.4244637623894718e-06
32060000316730,130,0.17994516276400607,1.0174743231283756e-06
32060000316730,132,0.17994516276400607,7.18217276651778e-07
32060000316730,134,0.17994516276400607,5.027521478018215e-07
32060000316730,136,0.17994516276400607,3.591087027743356e-07
32060000316730,138,0.17994516276400607,2.513761054867558e-07
32060000316730,140,0.17994516276400607,1.7955436748540166e-07
32060000316730,142,0.17994516276400607,1.3167320600526722e-07
32060000316730,144,0.17994516276400607,8.379204219366443e-08
32060000316730,146,0.17994516276400607,5.985145945519577e-08
32060000316730,148,0.17994516276400607,4.788116780840568e-08
32060000316730,150,0.17994516276400607,3.591087605059329e-08
32060000316730,152,0.17994516276400607,2.3940584181758595e-08
32060000316730,154,0.17994516276400607,1.19702922019016e-08
32060000316730,156,0.17994516276400607,1.19702922019016e-08
32060000316730,158,0.17994516276400607,1.19702922019016e-08
32060000316730,160,0.17994516276400607,0.0
32060000316730,162,0.17994516276400607,0.0
32060000316730,164,0.17994516276400607,0.0
32060000316730,166,0.17994516276400607,0.0
32060000316730,168,0.17994516276400607,0.0
32060000316730,170,0.17994516276400607,0.0
32060000316730,172,0.17994516276400607,0.0
32060000316730,174,0.17994516276400607,0.0
32060000316730,176,0.17994516276400607,0.0
32060000316730,178,0.17994516276400607,0.0
32060000316730,180,0.17994516276400607,0.0
32060000316730,182,0.17994516276400607,0.0
32060000316730,184,0.17994516276400607,0.0
32060000316730,186,0.17994516276400607,0.0
32060000316730,188,0.17994516276400607,0.0
32060000316730,190,0.17994516276400607,0.0
32060000316730,192,0.17994516276400607,0.0
32060000316730,194,0.17994516276400607,0.0
32060000316730,196,0.17994516276400607,0.0
32060000316730,198,0.17994516276400607,0.0
32060000316730,200,0.17994516276400607,0.0
32060000332402,0,0.5410454740410755,3.973979478821832e-09
32060000332402,2,0.5410454740410755,3.973979478821832e-09
32060000332402,4,0.5410454740410755,0.0
32060000332402,6,0.5410454740410755,0.0
32060000332402,8,0.5410454740410755,0.0
32060000332402,10,0.5410454740410755,0.0
32060000332402,12,0.5410454740410755,0.0
32060000332402,14,0.5410454740410755,0.0
32060000332402,16,0.5410454740410755,0.0
32060000332402,18,0.5410454740410755,0.0
32060000332402,20,0.5410454740410755,0.0
32060000332402,22,0.5410454740410755,0.0
32060000332402,24,0.5410454740410755,0.0
32060000332402,26,0.5410454740410755,0.0
32060000332402,28,0.5410454740410755,0.0
32060000332402,30,0.5410454740410755,0.0
32060000332402,32,0.5410454740410755,0.0
32060000332402,34,0.5410454740410755,0.0
32060000332402,36,0.5410454740410755,0.0
32060000332402,38,0.5410454740410755,0.0
32060000332402,40,0.5410454740410755,0.0
32060000332402,42,0.5410454740410755,0.0
32060000332402,44,0.5410454740410755,0.0
32060000332402,46,0.5410454740410755,0.0
32060000332402,48,0.5410454740410755,0.0
32060000332402,50,0.5410454740410755,0.0
32060000332402,52,0.5410454740410755,0.0
32060000332402,54,0.5410454740410755,0.0
32060000332402,56,0.5410454740410755,0.0
32060000332402,58,0.5410454740410755,0.0
32060000332402,60,0.5410454740410755,0.0
32060000332402,62,0.5410454740410755,0.0
32060000332402,64,0.5410454740410755,0.0
32060000332402,66,0.5410454740410755,0.0
32060000332402,68,0.5410454740410755,0.0
32060000332402,70,0.5410454740410755,0.0
32060000332402,72,0.5410454740410755,0.0
32060000332402,74,0.5410454740410755,0.0
32060000332402,76,0.5410454740410755,0.0
32060000332402,78,0.5410454740410755,0.0
32060000332402,80,0.5410454740410755,0.0
32060000332402,82,0.5410454740410755,0.0
32060000332402,84,0.5410454740410755,0.0
32060000332402,86,0.5410454740410755,0.0
32060000332402,88,0.5410454740410755,0.0
32060000332402,90,0.5410454740410755,0.0
32060000332402,92,0.5410454740410755,0.0
32060000332402,94,0.5410454740410755,0.0
32060000332402,96,0.5410454740410755,0.0
32060000332402,98,0.5410454740410755,0.0
32060000332402,100,0.5410454740410755,0.0
32060000332402,102,0.5410454740410755,0.0
32060000332402,104,0.5410454740410755,0.0
32060000332402,106,0.5410454740410755,0.0
32060000332402,108,0.5410454740410755,0.0
32060000332402,110,0.5410454740410755,0.0
32060000332402,112,0.5410454740410755,0.0
32060000332402,114,0.5410454740410755,0.0
32060000332402,116,0.5410454740410755,0.0
32060000332402,118,0.5410454740410755,0.0
32060000332402,120,0.5410454740410755,0.0
32060000332402,122,0.5410454740410755,0.0
32060000332402,124,0.5410454740410755,0.0
32060000332402,126,0.5410454740410755,0.0
32060000332402,128,0.5410454740410755,0.0
32060000332402,130,0.5410454740410755,0.0
32060000332402,132,0.5410454740410755,0.0
32060000332402,134,0.5410454740410755,0.0
32060000332402,136,0.5410454740410755,0.0
32060000332402,138,0.5410454740410755,0.0
32060000332402,140,0.5410454740410755,0.0
32060000332402,142,0.5410454740410755,0.0
32060000332402,144,0.5410454740410755,0.0
32060000332402,146,0.5410454740410755,0.0
32060000332402,148,0.5410454740410755,0.0
32060000332402,150,0.5410454740410755,0.0
32060000332402,152,0.5410454740410755,0.0
32060000332402,154,0.5410454740410755,0.0
32060000332402,156,0.5410454740410755,0.0
32060000332402,158,0.5410454740410755,0.0
32060000332402,160,0.5410454740410755,0.0
32060000332402,162,0.5410454740410755,0.0
32060000332402,164,0.5410454740410755,0.0
32060000332402,166,0.5410454740410755,0.0
32060000332402,168,0.5410454740410755,0.0
32060000332402,170,0.5410454740410755,0.0
32060000332402,172,0.5410454740410755,0.0
32060000332402,174,0.5410454740410755,0.0
32060000332402,176,0.5410454740410755,0.0
32060000332402,178,0.5410454740410755,0.0
32060000332402,180,0.5410454740410755,0.0
32060000332402,182,0.5410454740410755,0.0
32060000332402,184,0.5410454740410755,0.0
32060000332402,186,0.5410454740410755,0.0
32060000332402,188,0.5410454740410755,0.0
32060000332402,190,0.5410454740410755,0.0
32060000332402,192,0.5410454740410755,0.0
32060000332402,194,0.5410454740410755,0.0
32060000332402,196,0.5410454740410755,0.0
32060000332402,198,0.5410454740410755,0.0
32060000332402,200,0.5410454740410755,0.0
32060000334567,0,0.5950903436273801,0.0
32060000334567,2,0.5950903436273801,0.0
32060000334567,4,0.5950903436273801,0.0
32060000334567,6,0.5950903436273801,0.0
32060000334567,8,0.5950903436273801,0.0
32060000334567,10,0.5950903436273801,0.0
32060000334567,12,0.5950903436273801,0.0
32060000334567,14,0.5950903436273801,0.0
32060000334567,16,0.5950903436273801,0.0
32060000334567,18,0.5950903436273801,0.0
32060000334567,20,0.5950903436273801,0.0
32060000334567,22,0.5950903436273801,0.0
32060000334567,24,0.5950903436273801,0.0
32060000334567,26,0.5950903436273801,0.0
32060000334567,28,0.5950903436273801,0.0
32060000334567,30,0.5950903436273801,0.0
32060000334567,32,0.5950903436273801,0.0
32060000334567,34,0.5950903436273801,0.0
32060000334567,36,0.5950903436273801,0.0
32060000334567,38,0.5950903436273801,0.0
32060000334567,40,0.5950903436273801,0.0
32060000334567,42,0.5950903436273801,0.0
32060000334567,44,0.5950903436273801,0.0
32060000334567,46,0.5950903436273801,0.0
32060000334567,48,0.5950903436273801,0.0
32060000334567,50,0.5950903436273801,0.0
32060000334567,52,0.5950903436273801,0.0
32060000334567,54,0.5950903436273801,0.0
32060000334567,56,0.5950903436273801,0.0
32060000334567,58,0.5950903436273801,0.0
32060000334567,60,0.5950903436273801,0.0
32060000334567,62,0.5950903436273801,0.0
32060000334567,64,0.5950903436273801,0.0
32060000334567,66,0.5950903436273801,0.0
32060000334567,68,0.5950903436273801,0.0
32060000334567,70,0.5950903436273801,0.0
32060000334567,72,0.5950903436273801,0.0
32060000334567,74,0.5950903436273801,0.0
32060000334567,76,0.5950903436273801,0.0
32060000334567,78,0.5950903436273801,0.0
32060000334567,80,0.5950903436273801,0.0
32060000334567,82,0.5950903436273801,0.0
32060000334567,84,0.5950903436273801,0.0
32060000334567,86,0.5950903436273801,0.0
32060000334567,88,0.5950903436273801,0.0
32060000334567,90,0.5950903436273801,0.0
32060000334567,92,0.5950903436273801,0.0
32060000334567,94,0.5950903436273801,0.0
32060000334567,96,0.5950903436273801,0.0
32060000334567,98,0.5950903436273801,0.0
32060000334567,100,0.5950903436273801,0.0
32060000334567,102,0.5950903436273801,0.0
32060000334567,104,0.5950903436273801,0.0
32060000334567,106,0.5950903436273801,0.0
32060000334567,108,0.5950903436273801,0.0
32060000334567,110,0.5950903436273801,0.0
32060000334567,112,0.5950903436273801,0.0
32060000334567,114,0.5950903436273801,0.0
32060000334567,116,0.5950903436273801,0.0
32060000334567,118,0.5950903436273801,0.0
32060000334567,120,0.5950903436273801,0.0
32060000334567,122,0.5950903436273801,0.0
32060000334567,124,0.5950903436273801,0.0
32060000334567,126,0.5950903436273801,0.0
32060000334567,128,0.5950903436273801,0.0
32060000334567,130,0.5950903436273801,0.0
32060000334567,132,0.5950903436273801,0.0
32060000334567,134,0.5950903436273801,0.0
32060000334567,136,0.5950903436273801,0.0
32060000334567,138,0.5950903436273801,0.0
32060000334567,140,0.5950903436273801,0.0
32060000334567,142,0.5950903436273801,0.0
32060000334567,144,0.5950903436273801,0.0
32060000334567,146,0.5950903436273801,0.0
32060000334567,148,0.5950903436273801,0.0
32060000334567,150,0.5950903436273801,0.0
32060000334567,152,0.5950903436273801,0.0
32060000334567,154,0.5950903436273801,0.0
32060000334567,156,0.5950903436273801,0.0
32060000334567,158,0.5950903436273801,0.0
32060000334567,160,0.5950903436273801,0.0
32060000334567,162,0.5950903436273801,0.0
32060000334567,164,0.5950903436273801,0.0
32060000334567,166,0.5950903436273801,0.0
32060000334567,168,0.5950903436273801,0.0
32060000334567,170,0.5950903436273801,0.0
32060000334567,172,0.5950903436273801,0.0
32060000334567,174,0.5950903436273801,0.0
32060000334567,176,0.5950903436273801,0.0
32060000334567,178,0.5950903436273801,0.0
32060000334567,180,0.5950903436273801,0.0
32060000334567,182,0.5950903436273801,0.0
32060000334567,184,0.5950903436273801,0.0
32060000334567,186,0.5950903436273801,0.0
32060000334567,188,0.5950903436273801,0.0
32060000334567,190,0.5950903436273801,0.0
32060000334567,192,0.5950903436273801,0.0
32060000334567,194,0.5950903436273801,0.0
32060000334567,196,0.5950903436273801,0.0
32060000334567,198,0.5950903436273801,0.0
32060000334567,200,0.5950903436273801,0.0
32060000348257,0,0.5128306335974984,0.0
32060000348257,2,0.5128306335974965,0.0
32060000348257,4,0.5128306335974965,0.0
32060000348257,6,0.5128306335974965,0.0
32060000348257,8,0.5128306335974965,0.0
32060000348257,10,0.5128306335974965,0.0
32060000348257,12,0.5128306335974965,0.0
32060000348257,14,0.5128306335974965,0.0
32060000348257,16,0.5128306335974965,0.0
32060000348257,18,0.5128306335974965,0.0
32060000348257,20,0.5128306335974965,0.0
32060000348257,22,0.5128306335974965,0.0
32060000348257,24,0.5128306335974965,0.0
32060000348257,26,0.5128306335974965,0.0
32060000348257,28,0.5128306335974965,0.0
32060000348257,30,0.5128306335974965,0.0
32060000348257,32,0.5128306335974965,0.0
32060000348257,34,0.5128306335974965,0.0
32060000348257,36,0.5128306335974965,0.0
32060000348257,38,0.5128306335974965,0.0
32060000348257,40,0.5128306335974965,0.0
32060000348257,42,0.5128306335974965,0.0
32060000348257,44,0.5128306335974965,0.0
32060000348257,46,0.5128306335974965,0.0
32060000348257,48,0.5128306335974965,0.0
32060000348257,50,0.5128306335974965,0.0
32060000348257,52,0.5128306335974965,0.0
32060000348257,54,0.5128306335974965,0.0
32060000348257,56,0.5128306335974965,0.0
32060000348257,58,0.5128306335974965,0.0
32060000348257,60,0.5128306335974965,0.0
32060000348257,62,0.5128306335974965,0.0
32060000348257,64,0.5128306335974965,0.0
32060000348257,66,0.5128306335974965,0.0
32060000348257,68,0.5128306335974965,0.0
32060000348257,70,0.5128306335974965,0.0
32060000348257,72,0.5128306335974965,0.0
32060000348257,74,0.5128306335974965,0.0
32060000348257,76,0.5128306335974965,0.0
32060000348257,78,0.5128306335974965,0.0
32060000348257,80,0.5128306335974965,0.0
32060000348257,82,0.5128306335974965,0.0
32060000348257,84,0.5128306335974965,0.0
32060000348257,86,0.5128306335974965,0.0
32060000348257,88,0.5128306335974965,0.0
32060000348257,90,0.5128306335974965,0.0
32060000348257,92,0.5128306335974965,0.0
32060000348257,94,0.5128306335974965,0.0
32060000348257,96,0.5128306335974965,0.0
32060000348257,98,0.5128306335974965,0.0
32060000348257,100,0.5128306335974965,0.0
32060000348257,102,0.5128306335974965,0.0
32060000348257,104,0.5128306335974965,0.0
32060000348257,106,0.5128306335974965,0.0
32060000348257,108,0.5128306335974965,0.0
32060000348257,110,0.5128306335974965,0.0
32060000348257,112,0.5128306335974965,0.0
32060000348257,114,0.5128306335974965,0.0
32060000348257,116,0.5128306335974965,0.0
32060000348257,118,0.5128306335974965,0.0
32060000348257,120,0.5128306335974965,0.0
32060000348257,122,0.5128306335974965,0.0
32060000348257,124,0.5128306335974965,0.0
32060000348257,126,0.5128306335974965,0.0
32060000348257,128,0.5128306335974965,0.0
32060000348257,130,0.5128306335974965,0.0
32060000348257,132,0.5128306335974965,0.0
32060000348257,134,0.5128306335974965,0.0
32060000348257,136,0.5128306335974965,0.0
32060000348257,138,0.5128306335974965,0.0
32060000348257,140,0.5128306335974965,0.0
32060000348257,142,0.5128306335974965,0.0
32060000348257,144,0.5128306335974965,0.0
32060000348257,146,0.5128306335974965,0.0
32060000348257,148,0.5128306335974965,0.0
32060000348257,150,0.5128306335974965,0.0
32060000348257,152,0.5128306335974965,0.0
32060000348257,154,0.5128306335974965,0.0
32060000348257,156,0.5128306335974965,0.0
32060000348257,158,0.5128306335974965,0.0
32060000348257,160,0.5128306335974965,0.0
32060000348257,162,0.5128306335974965,0.0
32060000348257,164,0.5128306335974965,0.0
32060000348257,166,0.5128306335974965,0.0
32060000348257,168,0.5128306335974965,0.0
32060000348257,170,0.5128306335974965,0.0
32060000348257,172,0.5128306335974965,0.0
32060000348257,174,0.5128306335974965,0.0
32060000348257,176,0.5128306335974965,0.0
32060000348257,178,0.5128306335974965,0.0
32060000348257,180,0.5128306335974965,0.0
32060000348257,182,0.5128306335974965,0.0
32060000348257,184,0.5128306335974965,0.0
32060000348257,186,0.5128306335974965,0.0
32060000348257,188,0.5128306335974965,0.0
32060000348257,190,0.5128306335974965,0.0
32060000348257,192,0.5128306335974965,0.0
32060000348257,194,0.5128306335974965,0.0
32060000348257,196,0.5128306335974965,0.0
32060000348257,198,0.5128306335974965,0.0
32060000348257,200,0.5128306335974965,0.0
32060000350024,0,0.5203319446749198,0.0
32060000350024,2,0.5203319446749198,0.0
32060000350024,4,0.5203319446749198,0.0
32060000350024,6,0.5203319446749198,0.0
32060000350024,8,0.5203319446749198,0.0
32060000350024,10,0.5203319446749198,0.0
32060000350024,12,0.5203319446749198,0.0
32060000350024,14,0.5203319446749198,0.0
32060000350024,16,0.5203319446749198,0.0
32060000350024,18,0.5203319446749198,0.0
32060000350024,20,0.5203319446749198,0.0
32060000350024,22,0.5203319446749198,0.0
32060000350024,24,0.5203319446749198,0.0
32060000350024,26,0.5203319446749198,0.0
32060000350024,28,0.5203319446749198,0.0
32060000350024,30,0.5203319446749198,0.0
32060000350024,32,0.5203319446749198,0.0
32060000350024,34,0.5203319446749198,0.0
32060000350024,36,0.5203319446749198,0.0
32060000350024,38,0.5203319446749198,0.0
32060000350024,40,0.5203319446749198,0.0
32060000350024,42,0.5203319446749198,0.0
32060000350024,44,0.5203319446749198,0.0
32060000350024,46,0.5203319446749198,0.0
32060000350024,48,0.5203319446749198,0.0
32060000350024,50,0.5203319446749198,0.0
32060000350024,52,0.5203319446749198,0.0
32060000350024,54,0.5203319446749198,0.0
32060000350024,56,0.5203319446749198,0.0
32060000350024,58,0.5203319446749198,0.0
32060000350024,60,0.5203319446749198,0.0
32060000350024,62,0.5203319446749198,0.0
32060000350024,64,0.5203319446749198,0.0
32060000350024,66,0.5203319446749198,0.0
32060000350024,68,0.5203319446749198,0.0
32060000350024,70,0.5203319446749198,0.0
32060000350024,72,0.5203319446749198,0.0
32060000350024,74,0.5203319446749198,0.0
32060000350024,76,0.5203319446749198,0.0
32060000350024,78,0.5203319446749198,0.0
32060000350024,80,0.5203319446749198,0.0
32060000350024,82,0.5203319446749198,0.0
32060000350024,84,0.5203319446749198,0.0
32060000350024,86,0.5203319446749198,0.0
32060000350024,88,0.5203319446749198,0.0
32060000350024,90,0.5203319446749198,0.0
32060000350024,92,0.5203319446749198,0.0
32060000350024,94,0.5203319446749198,0.0
32060000350024,96,0.5203319446749198,0.0
32060000350024,98,0.5203319446749198,0.0
32060000350024,100,0.5203319446749198,0.0
32060000350024,102,0.5203319446749198,0.0
32060000350024,104,0.5203319446749198,0.0
32060000350024,106,0.5203319446749198,0.0
32060000350024,108,0.5203319446749198,0.0
32060000350024,110,0.5203319446749198,0.0
32060000350024,112,0.5203319446749198,0.0
32060000350024,114,0.5203319446749198,0.0
32060000350024,116,0.5203319446749198,0.0
32060000350024,118,0.5203319446749198,0.0
32060000350024,120,0.5203319446749198,0.0
32060000350024,122,0.5203319446749198,0.0
32060000350024,124,0.5203319446749198,0.0
32060000350024,126,0.5203319446749198,0.0
32060000350024,128,0.5203319446749198,0.0
32060000350024,130,0.5203319446749198,0.0
32060000350024,132,0.5203319446749198,0.0
32060000350024,134,0.5203319446749198,0.0
32060000350024,136,0.5203319446749198,0.0
32060000350024,138,0.5203319446749198,0.0
32060000350024,140,0.5203319446749198,0.0
32060000350024,142,0.5203319446749198,0.0
32060000350024,144,0.5203319446749198,0.0
32060000350024,146,0.5203319446749198,0.0
32060000350024,148,0.5203319446749198,0.0
32060000350024,150,0.5203319446749198,0.0
32060000350024,152,0.5203319446749198,0.0
32060000350024,154,0.5203319446749198,0.0
32060000350024,156,0.5203319446749198,0.0
32060000350024,158,0.5203319446749198,0.0
32060000350024,160,0.5203319446749198,0.0
32060000350024,162,0.5203319446749198,0.0
32060000350024,164,0.5203319446749198,0.0
32060000350024,166,0.5203319446749198,0.0
32060000350024,168,0.5203319446749198,0.0
32060000350024,170,0.5203319446749198,0.0
32060000350024,172,0.5203319446749198,0.0
32060000350024,174,0.5203319446749198,0.0
32060000350024,176,0.5203319446749198,0.0
32060000350024,178,0.5203319446749198,0.0
32060000350024,180,0.5203319446749198,0.0
32060000350024,182,0.5203319446749198,0.0
32060000350024,184,0.5203319446749198,0.0
32060000350024,186,0.5203319446749198,0.0
32060000350024,188,0.5203319446749198,0.0
32060000350024,190,0.5203319446749198,0.0
32060000350024,192,0.5203319446749198,0.0
32060000350024,194,0.5203319446749198,0.0
32060000350024,196,0.5203319446749198,0.0
32060000350024,198,0.5203319446749198,0.0
32060000350024,200,0.5203319446749198,0.0
32060000354253,0,0.4752128077927212,6.553626419991687e-06
32060000354253,2,0.4752357269910423,0.07799236388631126
32060000354253,4,0.4752357269910423,0.04437826904689157
32060000354253,6,0.4752357269910423,0.02412225386980693
32060000354253,8,0.4752357269910423,0.015223395512146132
32060000354253,10,0.4752357269910423,0.008182676555912427
32060000354253,12,0.4752357269910423,0.004917720147697313
32060000354253,14,0.4752357269910423,0.003922781799068797
32060000354253,16,0.4752357269910423,0.0024055101192536066
32060000354253,18,0.4752357269910423,0.0014376570920764387
32060000354253,20,0.4752357269910423,0.0009108916491104013
32060000354253,22,0.4752357269910423,0.0007368333263498839
32060000354253,24,0.4752357269910423,0.0005301949558108587
32060000354253,26,0.4752357269910423,0.000366869443799267
32060000354253,28,0.4752357269910423,0.0002287068210290455
32060000354253,30,0.4752357269910423,0.00017783380684643912
32060000354253,32,0.4752357269910423,0.00010166197942473865
32060000354253,34,0.4752357269910423,8.061448978546881e-05
32060000354253,36,0.4752357269910423,4.9003957366400286e-05
32060000354253,38,0.4752357269910423,3.448585757659384e-05
32060000354253,40,0.4752357269910423,2.4090442787394473e-05
32060000354253,42,0.4752357269910423,1.9944918547065704e-05
32060000354253,44,0.4752357269910423,1.3880474397764964e-05
32060000354253,46,0.4752357269910423,1.013317261411295e-05
32060000354253,48,0.4752357269910423,6.512577842343603e-06
32060000354253,50,0.4752357269910423,5.381139287830017e-06
32060000354253,52,0.4752357269910423,4.08224624881548e-06
32060000354253,54,0.4752357269910423,2.8512380485512523e-06
32060000354253,56,0.4752357269910423,2.167846812506369e-06
32060000354253,58,0.4752357269910423,1.3079498918378007e-06
32060000354253,60,0.4752357269910423,9.504135861648777e-07
32060000354253,62,0.4752357269910423,6.471864925083892e-07
32060000354253,64,0.4752357269910423,4.6162956890416496e-07
32060000354253,66,0.4752357269910423,3.8469132224161484e-07
32060000354253,68,0.4752357269910423,2.9417573033097e-07
32060000354253,70,0.4752357269910423,2.3986637120998466e-07
32060000354253,72,0.4752357269910423,1.9008278950849444e-07
32060000354253,74,0.4752357269910423,1.312476441972521e-07
32060000354253,76,0.4752357269910423,9.956717994530351e-08
32060000354253,78,0.4752357269910423,6.788671469415419e-08
32060000354253,80,0.4752357269910423,4.525781027719944e-08
32060000354253,82,0.4752357269910423,3.6206248443804157e-08
32060000354253,84,0.4752357269910423,3.1680467471595364e-08
32060000354253,86,0.4752357269910423,2.2628905416155476e-08
32060000354253,88,0.4752357269910423,1.810312433292438e-08
32060000354253,90,0.4752357269910423,1.3577343249693286e-08
32060000354253,92,0.4752357269910423,9.051562277484493e-09
32060000354253,94,0.4752357269910423,4.525781083231095e-09
32060000354253,96,0.4752357269910423,4.525781083231095e-09
32060000354253,98,0.4752357269910423,4.525781083231095e-09
32060000354253,100,0.4752357269910423,4.525781083231095e-09
32060000354253,102,0.4752357269910423,0.0
32060000354253,104,0.4752357269910423,0.0
32060000354253,106,0.4752357269910423,0.0
32060000354253,108,0.4752357269910423,0.0
32060000354253,110,0.4752357269910423,0.0
32060000354253,112,0.4752357269910423,0.0
32060000354253,114,0.4752357269910423,0.0
32060000354253,116,0.4752357269910423,0.0
32060000354253,118,0.4752357269910423,0.0
32060000354253,120,0.4752357269910423,0.0
32060000354253,122,0.4752357269910423,0.0
32060000354253,124,0.4752357269910423,0.0
32060000354253,126,0.4752357269910423,0.0
32060000354253,128,0.4752357269910423,0.0
32060000354253,130,0.4752357269910423,0.0
32060000354253,132,0.4752357269910423,0.0
32060000354253,134,0.4752357269910423,0.0
32060000354253,136,0.4752357269910423,0.0
32060000354253,138,0.4752357269910423,0.0
32060000354253,140,0.4752357269910423,0.0
32060000354253,142,0.4752357269910423,0.0
32060000354253,144,0.4752357269910423,0.0
32060000354253,146,0.3218546045887392,0.0
32060000354253,148,0.3218546045887392,0.0
32060000354253,150,0.4752357269910423,0.0
32060000354253,152,0.3218546045887392,0.0
32060000354253,154,0.4752357269910423,0.0
32060000354253,156,0.4752357269910423,0.0
32060000354253,158,0.3218546045887392,0.0
32060000354253,160,0.3218546045887392,0.0
32060000354253,162,0.3218546045887392,0.0
32060000354253,164,0.3218546045887392,0.0
32060000354253,166,0.3218546045887392,0.0
32060000354253,168,0.3218546045887392,0.0
32060000354253,170,0.3218546045887392,0.0
32060000354253,172,0.3218546045887392,0.0
32060000354253,174,0.3218546045887392,0.0
32060000354253,176,0.3218546045887392,0.0
32060000354253,178,0.3218546045887392,0.0
32060000354253,180,0.3218546045887392,0.0
32060000354253,182,0.3218546045887392,0.0
32060000354253,184,0.3218546045887392,0.0
32060000354253,186,0.3218546045887392,0.0
32060000354253,188,0.3218546045887392,0.0
32060000354253,190,0.3218546045887392,0.0
32060000354253,192,0.3218546045887392,0.0
32060000354253,194,0.3218546045887392,0.0
32060000354253,196,0.3218546045887392,0.0
32060000354253,198,0.3218546045887392,0.0
32060000354253,200,0.3218546045887392,0.0
32060000357955,0,0.4895679325916443,0.0
32060000357955,2,0.48956793259164433,0.0
32060000357955,4,0.48956793259164433,0.0
32060000357955,6,0.48956793259164433,0.0
32060000357955,8,0.48956793259164433,0.0
32060000357955,10,0.48956793259164433,0.0
32060000357955,12,0.48956793259164433,0.0
32060000357955,14,0.48956793259164433,0.0
32060000357955,16,0.48956793259164433,0.0
32060000357955,18,0.48956793259164433,0.0
32060000357955,20,0.48956793259164433,0.0
32060000357955,22,0.48956793259164433,0.0
32060000357955,24,0.48956793259164433,0.0
32060000357955,26,0.48956793259164433,0.0
32060000357955,28,0.48956793259164433,0.0
32060000357955,30,0.48956793259164433,0.0
32060000357955,32,0.48956793259164433,0.0
32060000357955,34,0.48956793259164433,0.0
32060000357955,36,0.48956793259164433,0.0
32060000357955,38,0.48956793259164433,0.0
32060000357955,40,0.48956793259164433,0.0
32060000357955,42,0.48956793259164433,0.0
32060000357955,44,0.48956793259164433,0.0
32060000357955,46,0.48956793259164433,0.0
32060000357955,48,0.48956793259164433,0.0
32060000357955,50,0.48956793259164433,0.0
32060000357955,52,0.48956793259164433,0.0
32060000357955,54,0.48956793259164433,0.0
32060000357955,56,0.48956793259164433,0.0
32060000357955,58,0.48956793259164433,0.0
32060000357955,60,0.48956793259164433,0.0
32060000357955,62,0.48956793259164433,0.0
32060000357955,64,0.48956793259164433,0.0
32060000357955,66,0.48956793259164433,0.0
32060000357955,68,0.48956793259164433,0.0
32060000357955,70,0.48956793259164433,0.0
32060000357955,72,0.48956793259164433,0.0
32060000357955,74,0.48956793259164433,0.0
32060000357955,76,0.48956793259164433,0.0
32060000357955,78,0.48956793259164433,0.0
32060000357955,80,0.48956793259164433,0.0
32060000357955,82,0.48956793259164433,0.0
32060000357955,84,0.48956793259164433,0.0
32060000357955,86,0.48956793259164433,0.0
32060000357955,88,0.48956793259164433,0.0
32060000357955,90,0.48956793259164433,0.0
32060000357955,92,0.48956793259164433,0.0
32060000357955,94,0.48956793259164433,0.0
32060000357955,96,0.48956793259164433,0.0
32060000357955,98,0.48956793259164433,0.0
32060000357955,100,0.48956793259164433,0.0
32060000357955,102,0.48956793259164433,0.0
32060000357955,104,0.48956793259164433,0.0
32060000357955,106,0.48956793259164433,0.0
32060000357955,108,0.48956793259164433,0.0
32060000357955,110,0.48956793259164433,0.0
32060000357955,112,0.48956793259164433,0.0
32060000357955,114,0.48956793259164433,0.0
32060000357955,116,0.48956793259164433,0.0
32060000357955,118,0.48956793259164433,0.0
32060000357955,120,0.48956793259164433,0.0
32060000357955,122,0.48956793259164433,0.0
32060000357955,124,0.48956793259164433,0.0
32060000357955,126,0.48956793259164433,0.0
32060000357955,128,0.48956793259164433,0.0
32060000357955,130,0.48956793259164433,0.0
32060000357955,132,0.48956793259164433,0.0
32060000357955,134,0.48956793259164433,0.0
32060000357955,136,0.48956793259164433,0.0
32060000357955,138,0.48956793259164433,0.0
32060000357955,140,0.48956793259164433,0.0
32060000357955,142,0.48956793259164433,0.0
32060000357955,144,0.48956793259164433,0.0
32060000357955,146,0.48956793259164433,0.0
32060000357955,148,0.48956793259164433,0.0
32060000357955,150,0.48956793259164433,0.0
32060000357955,152,0.48956793259164433,0.0
32060000357955,154,0.48956793259164433,0.0
32060000357955,156,0.48956793259164433,0.0
32060000357955,158,0.48956793259164433,0.0
32060000357955,160,0.48956793259164433,0.0
32060000357955,162,0.48956793259164433,0.0
32060000357955,164,0.48956793259164433,0.0
32060000357955,166,0.48956793259164433,0.0
32060000357955,168,0.48956793259164433,0.0
32060000357955,170,0.48956793259164433,0.0
32060000357955,172,0.48956793259164433,0.0
32060000357955,174,0.48956793259164433,0.0
32060000357955,176,0.48956793259164433,0.0
32060000357955,178,0.48956793259164433,0.0
32060000357955,180,0.48956793259164433,0.0
32060000357955,182,0.48956793259164433,0.0
32060000357955,184,0.48956793259164433,0.0
32060000357955,186,0.48956793259164433,0.0
32060000357955,188,0.48956793259164433,0.0
32060000357955,190,0.48956793259164433,0.0
32060000357955,192,0.48956793259164433,0.0
32060000357955,194,0.48956793259164433,0.0
32060000357955,196,0.48956793259164433,0.0
32060000357955,198,0.48956793259164433,0.0
32060000357955,200,0.48956793259164433,0.0
32060000363722,0,0.7015647677602583,0.0
32060000363722,2,0.7015647677602583,0.0
32060000363722,4,0.7015647677602583,0.0
32060000363722,6,0.7015647677602583,0.0
32060000363722,8,0.7015647677602583,0.0
32060000363722,10,0.7015647677602583,0.0
32060000363722,12,0.7015647677602583,0.0
32060000363722,14,0.7015647677602583,0.0
32060000363722,16,0.7015647677602583,0.0
32060000363722,18,0.7015647677602583,0.0
32060000363722,20,0.7015647677602583,0.0
32060000363722,22,0.7015647677602583,0.0
32060000363722,24,0.7015647677602583,0.0
32060000363722,26,0.7015647677602583,0.0
32060000363722,28,0.7015647677602583,0.0
32060000363722,30,0.7015647677602583,0.0
32060000363722,32,0.7015647677602583,0.0
32060000363722,34,0.7015647677602583,0.0
32060000363722,36,0.7015647677602583,0.0
32060000363722,38,0.7015647677602583,0.0
32060000363722,40,0.7015647677602583,0.0
32060000363722,42,0.7015647677602583,0.0
32060000363722,44,0.7015647677602583,0.0
32060000363722,46,0.7015647677602583,0.0
32060000363722,48,0.7015647677602583,0.0
32060000363722,50,0.7015647677602583,0.0
32060000363722,52,0.7015647677602583,0.0
32060000363722,54,0.7015647677602583,0.0
32060000363722,56,0.7015647677602583,0.0
32060000363722,58,0.7015647677602583,0.0
32060000363722,60,0.7015647677602583,0.0
32060000363722,62,0.7015647677602583,0.0
32060000363722,64,0.7015647677602583,0.0
32060000363722,66,0.7015647677602583,0.0
32060000363722,68,0.7015647677602583,0.0
32060000363722,70,0.7015647677602583,0.0
32060000363722,72,0.7015647677602583,0.0
32060000363722,74,0.7015647677602583,0.0
32060000363722,76,0.7015647677602583,0.0
32060000363722,78,0.7015647677602583,0.0
32060000363722,80,0.7015647677602583,0.0
32060000363722,82,0.7015647677602583,0.0
32060000363722,84,0.7015647677602583,0.0
32060000363722,86,0.7015647677602583,0.0
32060000363722,88,0.7015647677602583,0.0
32060000363722,90,0.7015647677602583,0.0
32060000363722,92,0.7015647677602583,0.0
32060000363722,94,0.7015647677602583,0.0
32060000363722,96,0.7015647677602583,0.0
32060000363722,98,0.7015647677602583,0.0
32060000363722,100,0.7015647677602583,0.0
32060000363722,102,0.7015647677602583,0.0
32060000363722,104,0.7015647677602583,0.0
32060000363722,106,0.7015148210590118,0.0
32060000363722,108,0.7015148210590118,0.0
32060000363722,110,0.7015148210590118,0.0
32060000363722,112,0.7015148210590118,0.0
32060000363722,114,0.7015148210590118,0.0
32060000363722,116,0.7015148210590118,0.0
32060000363722,118,0.7015148210590118,0.0
32060000363722,120,0.7015148210590118,0.0
32060000363722,122,0.7015148210590118,0.0
32060000363722,124,0.7015148210590118,0.0
32060000363722,126,0.7015148210590118,0.0
32060000363722,128,0.7015148210590118,0.0
32060000363722,130,0.7015148210590118,0.0
32060000363722,132,0.7015148210590118,0.0
32060000363722,134,0.7015148210590118,0.0
32060000363722,136,0.7015148210590118,0.0
32060000363722,138,0.7015148210590118,0.0
32060000363722,140,0.7015148210590118,0.0
32060000363722,142,0.7015148210590118,0.0
32060000363722,144,0.7015148210590118,0.0
32060000363722,146,0.7015148210590118,0.0
32060000363722,148,0.7015148210590118,0.0
32060000363722,150,0.7015148210590118,0.0
32060000363722,152,0.7015148210590118,0.0
32060000363722,154,0.7015148210590118,0.0
32060000363722,156,0.7015148210590118,0.0
32060000363722,158,0.7015148210590118,0.0
32060000363722,160,0.7015148210590118,0.0
32060000363722,162,0.7015148210590118,0.0
32060000363722,164,0.7015148210590118,0.0
32060000363722,166,0.7015148210590118,0.0
32060000363722,168,0.7015148210590118,0.0
32060000363722,170,0.7015148210590118,0.0
32060000363722,172,0.7015148210590118,0.0
32060000363722,174,0.7015148210590118,0.0
32060000363722,176,0.7015148210590118,0.0
32060000363722,178,0.7015148210590118,0.0
32060000363722,180,0.7015148210590118,0.0
32060000363722,182,0.7015148210590118,0.0
32060000363722,184,0.7015148210590118,0.0
32060000363722,186,0.7015148210590118,0.0
32060000363722,188,0.7015148210590118,0.0
32060000363722,190,0.7015148210590118,0.0
32060000363722,192,0.7015148210590118,0.0
32060000363722,194,0.7015148210590118,0.0
32060000363722,196,0.7015148210590118,0.0
32060000363722,198,0.7015148210590118,0.0
32060000363722,200,0.7015148210590118,0.0
32060000370081,0,0.5892541000938166,0.0
32060000370081,2,0.5892541000938166,0.0
32060000370081,4,0.5892541000938166,0.0
32060000370081,6,0.5892541000938166,0.0
32060000370081,8,0.5892541000938166,0.0
32060000370081,10,0.5892541000938166,0.0
32060000370081,12,0.5892541000938166,0.0
32060000370081,14,0.5892541000938166,0.0
32060000370081,16,0.5892541000938166,0.0
32060000370081,18,0.5892541000938166,0.0
32060000370081,20,0.5892541000938166,0.0
32060000370081,22,0.5892541000938166,0.0
32060000370081,24,0.5892541000938166,0.0
32060000370081,26,0.5892541000938166,0.0
32060000370081,28,0.5892541000938166,0.0
32060000370081,30,0.5892541000938166,0.0
32060000370081,32,0.5892541000938166,0.0
32060000370081,34,0.5892541000938166,0.0
32060000370081,36,0.5892541000938166,0.0
32060000370081,38,0.5892541000938166,0.0
32060000370081,40,0.5892541000938166,0.0
32060000370081,42,0.5892541000938166,0.0
32060000370081,44,0.5892541000938166,0.0
32060000370081,46,0.5892541000938166,0.0
32060000370081,48,0.5892541000938166,0.0
32060000370081,50,0.5892541000938166,0.0
32060000370081,52,0.5892541000938166,0.0
32060000370081,54,0.5892541000938166,0.0
32060000370081,56,0.5892541000938166,0.0
32060000370081,58,0.5892541000938166,0.0
32060000370081,60,0.5892541000938166,0.0
32060000370081,62,0.5892541000938166,0.0
32060000370081,64,0.5892541000938166,0.0
32060000370081,66,0.5892541000938166,0.0
32060000370081,68,0.5892541000938166,0.0
32060000370081,70,0.5892541000938166,0.0
32060000370081,72,0.5892541000938166,0.0
32060000370081,74,0.5892541000938166,0.0
32060000370081,76,0.5892541000938166,0.0
32060000370081,78,0.5892541000938166,0.0
32060000370081,80,0.5892541000938166,0.0
32060000370081,82,0.5892541000938166,0.0
32060000370081,84,0.5892541000938166,0.0
32060000370081,86,0.5892541000938166,0.0
32060000370081,88,0.5892541000938166,0.0
32060000370081,90,0.5892541000938166,0.0
32060000370081,92,0.5892541000938166,0.0
32060000370081,94,0.5892541000938166,0.0
32060000370081,96,0.5892541000938166,0.0
32060000370081,98,0.5892541000938166,0.0
32060000370081,100,0.5892541000938166,0.0
32060000370081,102,0.5892541000938166,0.0
32060000370081,104,0.5892541000938166,0.0
32060000370081,106,0.5892541000938166,0.0
32060000370081,108,0.5892541000938166,0.0
32060000370081,110,0.5892541000938166,0.0
32060000370081,112,0.5892541000938166,0.0
32060000370081,114,0.5892541000938166,0.0
32060000370081,116,0.5892541000938166,0.0
32060000370081,118,0.5892541000938166,0.0
32060000370081,120,0.5892541000938166,0.0
32060000370081,122,0.5892541000938166,0.0
32060000370081,124,0.5892541000938166,0.0
32060000370081,126,0.5892541000938166,0.0
32060000370081,128,0.5892541000938166,0.0
32060000370081,130,0.5892541000938166,0.0
32060000370081,132,0.5892541000938166,0.0
32060000370081,134,0.5892541000938166,0.0
32060000370081,136,0.5892541000938166,0.0
32060000370081,138,0.5892541000938166,0.0
32060000370081,140,0.5892541000938166,0.0
32060000370081,142,0.5892541000938166,0.0
32060000370081,144,0.5892541000938166,0.0
32060000370081,146,0.5892541000938166,0.0
32060000370081,148,0.5892541000938166,0.0
32060000370081,150,0.5892541000938166,0.0
32060000370081,152,0.5892541000938166,0.0
32060000370081,154,0.5892541000938166,0.0
32060000370081,156,0.5892541000938166,0.0
32060000370081,158,0.5892541000938166,0.0
32060000370081,160,0.5892541000938166,0.0
32060000370081,162,0.5892541000938166,0.0
32060000370081,164,0.5892541000938166,0.0
32060000370081,166,0.5892541000938166,0.0
32060000370081,168,0.5892541000938166,0.0
32060000370081,170,0.5892541000938166,0.0
32060000370081,172,0.5892541000938166,0.0
32060000370081,174,0.5892541000938166,0.0
32060000370081,176,0.5892541000938166,0.0
32060000370081,178,0.5892541000938166,0.0
32060000370081,180,0.5892541000938166,0.0
32060000370081,182,0.5892541000938166,0.0
32060000370081,184,0.5892541000938166,0.0
32060000370081,186,0.5892541000938166,0.0
32060000370081,188,0.5892541000938166,0.0
32060000370081,190,0.5892541000938166,0.0
32060000370081,192,0.5892541000938166,0.0
32060000370081,194,0.5892541000938166,0.0
32060000370081,196,0.5892541000938166,0.0
32060000370081,198,0.5892541000938166,0.0
32060000370081,200,0.5892541000938166,0.0
32060000374502,0,0.5717815796907665,0.0
32060000374502,2,0.5717815796907686,0.0
32060000374502,4,0.5717815796907686,0.0
32060000374502,6,0.5717815796907686,0.0
32060000374502,8,0.5717815796907686,0.0
32060000374502,10,0.5717815796907686,0.0
32060000374502,12,0.5717815796907686,0.0
32060000374502,14,0.5717815796907686,0.0
32060000374502,16,0.5717815796907686,0.0
32060000374502,18,0.5717815796907686,0.0
32060000374502,20,0.5717815796907686,0.0
32060000374502,22,0.5717815796907686,0.0
32060000374502,24,0.5717815796907686,0.0
32060000374502,26,0.5717815796907686,0.0
32060000374502,28,0.5717815796907686,0.0
32060000374502,30,0.5717815796907686,0.0
32060000374502,32,0.5717815796907686,0.0
32060000374502,34,0.5717815796907686,0.0
32060000374502,36,0.5717815796907686,0.0
32060000374502,38,0.5717815796907686,0.0
32060000374502,40,0.5717815796907686,0.0
32060000374502,42,0.5717815796907686,0.0
32060000374502,44,0.5717815796907686,0.0
32060000374502,46,0.5717815796907686,0.0
32060000374502,48,0.5717815796907686,0.0
32060000374502,50,0.5717815796907686,0.0
32060000374502,52,0.5717815796907686,0.0
32060000374502,54,0.5717815796907686,0.0
32060000374502,56,0.5717815796907686,0.0
32060000374502,58,0.5717815796907686,0.0
32060000374502,60,0.5717815796907686,0.0
32060000374502,62,0.5717815796907686,0.0
32060000374502,64,0.5717815796907686,0.0
32060000374502,66,0.5717815796907686,0.0
32060000374502,68,0.5717815796907686,0.0
32060000374502,70,0.5717815796907686,0.0
32060000374502,72,0.5717815796907686,0.0
32060000374502,74,0.5717815796907686,0.0
32060000374502,76,0.5717815796907686,0.0
32060000374502,78,0.5717815796907686,0.0
32060000374502,80,0.5717815796907686,0.0
32060000374502,82,0.5717815796907686,0.0
32060000374502,84,0.5717815796907686,0.0
32060000374502,86,0.5717815796907686,0.0
32060000374502,88,0.5717815796907686,0.0
32060000374502,90,0.5717815796907686,0.0
32060000374502,92,0.5717815796907686,0.0
32060000374502,94,0.5717815796907686,0.0
32060000374502,96,0.5717815796907686,0.0
32060000374502,98,0.5717815796907686,0.0
32060000374502,100,0.5717815796907686,0.0
32060000374502,102,0.5717815796907686,0.0
32060000374502,104,0.5717815796907686,0.0
32060000374502,106,0.5717815796907686,0.0
32060000374502,108,0.5717815796907686,0.0
32060000374502,110,0.5717815796907686,0.0
32060000374502,112,0.5717815796907686,0.0
32060000374502,114,0.5717815796907686,0.0
32060000374502,116,0.5717815796907686,0.0
32060000374502,118,0.5717815796907686,0.0
32060000374502,120,0.5717815796907686,0.0
32060000374502,122,0.5717815796907686,0.0
32060000374502,124,0.5717815796907686,0.0
32060000374502,126,0.5717815796907686,0.0
32060000374502,128,0.5717815796907686,0.0
32060000374502,130,0.5717815796907686,0.0
32060000374502,132,0.5717815796907686,0.0
32060000374502,134,0.5717815796907686,0.0
32060000374502,136,0.5717815796907686,0.0
32060000374502,138,0.5717815796907686,0.0
32060000374502,140,0.5717815796907686,0.0
32060000374502,142,0.5717815796907686,0.0
32060000374502,144,0.5717815796907686,0.0
32060000374502,146,0.5717815796907686,0.0
32060000374502,148,0.5717815796907686,0.0
32060000374502,150,0.5717815796907686,0.0
32060000374502,152,0.5717815796907686,0.0
32060000374502,154,0.5717815796907686,0.0
32060000374502,156,0.5717815796907686,0.0
32060000374502,158,0.5717815796907686,0.0
32060000374502,160,0.5717815796907686,0.0
32060000374502,162,0.5717815796907686,0.0
32060000374502,164,0.5717815796907686,0.0
32060000374502,166,0.5717815796907686,0.0
32060000374502,168,0.5717815796907686,0.0
32060000374502,170,0.5717815796907686,0.0
32060000374502,172,0.5717815796907686,0.0
32060000374502,174,0.5717815796907686,0.0
32060000374502,176,0.5717815796907686,0.0
32060000374502,178,0.5717815796907686,0.0
32060000374502,180,0.5717815796907686,0.0
32060000374502,182,0.5717815796907686,0.0
32060000374502,184,0.5717815796907686,0.0
32060000374502,186,0.5717815796907686,0.0
32060000374502,188,0.5717815796907686,0.0
32060000374502,190,0.5717815796907686,0.0
32060000374502,192,0.5717815796907686,0.0
32060000374502,194,0.5717815796907686,0.0
32060000374502,196,0.5717815796907686,0.0
32060000374502,198,0.5717815796907686,0.0
32060000374502,200,0.5717815796907686,0.0
32060000382806,0,0.5420276167382982,4.998115418208826e-07
32060000382806,2,0.5420276167382982,0.0010222425607901986
32060000382806,4,0.5420276167382982,0.0005380016534383136
32060000382806,6,0.5420276167382982,0.00032487240203793455
32060000382806,8,0.5420276167382982,0.00017071077904917686
32060000382806,10,0.5420276167382982,9.288925387751501e-05
32060000382806,12,0.5420276167382982,4.9904552976820504e-05
32060000382806,14,0.5420276167382982,2.604936876993147e-05
32060000382806,16,0.5420276167382982,1.453013360608324e-05
32060000382806,18,0.5420276167382982,7.707383540167534e-06
32060000382806,20,0.5420276167382982,4.200789233022029e-06
32060000382806,22,0.5420276167382982,2.1499812077330205e-06
32060000382806,24,0.5420276167382982,1.3169632071541315e-06
32060000382806,26,0.5420276167382982,7.695510003680184e-07
32060000382806,28,0.5420276167382982,4.6807748310673247e-07
32060000382806,30,0.5420276167382982,2.419722855417916e-07
32060000382806,32,0.5420276167382982,1.2693628825832803e-07
32060000382806,34,0.5420276167382982,7.140166413677207e-08
32060000382806,36,0.5420276167382982,3.966759176687873e-08
32060000382806,38,0.5420276167382982,1.9833796049972818e-08
32060000382806,40,0.5420276167382982,1.1900277763210454e-08
32060000382806,42,0.5420276167382982,7.93351850880697e-09
32060000382806,44,0.5420276167382982,3.966759254403485e-09
32060000382806,46,0.5420276167382982,3.966759254403485e-09
32060000382806,48,0.5420276167382982,0.0
32060000382806,50,0.5420276167382982,0.0
32060000382806,52,0.5420276167382982,0.0
32060000382806,54,0.5420276167382982,0.0
32060000382806,56,0.5420276167382982,0.0
32060000382806,58,0.5420276167382982,0.0
32060000382806,60,0.5420276167382982,0.0
32060000382806,62,0.5420276167382982,0.0
32060000382806,64,0.5420276167382982,0.0
32060000382806,66,0.5420276167382982,0.0
32060000382806,68,0.5420276167382982,0.0
32060000382806,70,0.5420276167382982,0.0
32060000382806,72,0.5420276167382982,0.0
32060000382806,74,0.5420276167382982,0.0
32060000382806,76,0.5420276167382982,0.0
32060000382806,78,0.5420276167382982,0.0
32060000382806,80,0.5420276167382982,0.0
32060000382806,82,0.5420276167382982,0.0
32060000382806,84,0.5420276167382982,0.0
32060000382806,86,0.5420276167382982,0.0
32060000382806,88,0.5420276167382982,0.0
32060000382806,90,0.5420276167382982,0.0
32060000382806,92,0.5420276167382982,0.0
32060000382806,94,0.5420276167382982,0.0
32060000382806,96,0.5420276167382982,0.0
32060000382806,98,0.5420276167382982,0.0
32060000382806,100,0.5420276167382982,0.0
32060000382806,102,0.5420276167382982,0.0
32060000382806,104,0.5420276167382982,0.0
32060000382806,106,0.5420276167382982,0.0
32060000382806,108,0.5420276167382982,0.0
32060000382806,110,0.5420276167382982,0.0
32060000382806,112,0.5420276167382982,0.0
32060000382806,114,0.5420276167382982,0.0
32060000382806,116,0.5420276167382982,0.0
32060000382806,118,0.5420276167382982,0.0
32060000382806,120,0.5420276167382982,0.0
32060000382806,122,0.5420276167382982,0.0
32060000382806,124,0.5420276167382982,0.0
32060000382806,126,0.5420276167382982,0.0
32060000382806,128,0.5420276167382982,0.0
32060000382806,130,0.5420276167382982,0.0
32060000382806,132,0.5420276167382982,0.0
32060000382806,134,0.5420276167382982,0.0
32060000382806,136,0.5420276167382982,0.0
32060000382806,138,0.5420276167382982,0.0
32060000382806,140,0.5420276167382982,0.0
32060000382806,142,0.5420276167382982,0.0
32060000382806,144,0.5420276167382982,0.0
32060000382806,146,0.5420276167382982,0.0
32060000382806,148,0.5420276167382982,0.0
32060000382806,150,0.5420276167382982,0.0
32060000382806,152,0.5420276167382982,0.0
32060000382806,154,0.5420276167382982,0.0
32060000382806,156,0.5420276167382982,0.0
32060000382806,158,0.5420276167382982,0.0
32060000382806,160,0.5420276167382982,0.0
32060000382806,162,0.5420276167382982,0.0
32060000382806,164,0.5420276167382982,0.0
32060000382806,166,0.5420276167382982,0.0
32060000382806,168,0.5420276167382982,0.0
32060000382806,170,0.5420276167382982,0.0
32060000382806,172,0.5420276167382982,0.0
32060000382806,174,0.5420276167382982,0.0
32060000382806,176,0.5420276167382982,0.0
32060000382806,178,0.5420276167382982,0.0
32060000382806,180,0.5420276167382982,0.0
32060000382806,182,0.5420276167382982,0.0
32060000382806,184,0.5420276167382982,0.0
32060000382806,186,0.5420276167382982,0.0
32060000382806,188,0.5420276167382982,0.0
32060000382806,190,0.5420276167382982,0.0
32060000382806,192,0.5420276167382982,0.0
32060000382806,194,0.5420276167382982,0.0
32060000382806,196,0.5420276167382982,0.0
32060000382806,198,0.5420276167382982,0.0
32060000382806,200,0.5420276167382982,0.0
32060000441076,0,0.5392098591886823,3.17722528819786e-05
32060000441076,2,0.5392098591886804,0.07923735778130703
32060000441076,4,0.5392098591886804,0.04851633830417057
32060000441076,6,0.5392098591886804,0.027125646826685612
32060000441076,8,0.5392098591886804,0.01793067093932077
32060000441076,10,0.5392098591886804,0.011176936898317114
32060000441076,12,0.5392098591886804,0.007613169142185683
32060000441076,14,0.5392098591886804,0.004885950029012154
32060000441076,16,0.5392098591886804,0.0028048378369370797
32060000441076,18,0.5392098591886804,0.0016951144765546822
32060000441076,20,0.5392098591886804,0.0010336192625666207
32060000441076,22,0.5392098591886804,0.000655054621127249
32060000441076,24,0.5392098591886804,0.00042512544474448966
32060000441076,26,0.5392098591886804,0.00025466003541863014
32060000441076,28,0.5392098591886804,0.00016931277090259655
32060000441076,30,0.5392098591886804,0.00011631390680599818
32060000441076,32,0.5392098591886804,7.387052794760596e-05
32060000441076,34,0.5392098591886804,4.606704491871838e-05
32060000441076,36,0.5392098591886804,2.758545501746479e-05
32060000441076,38,0.5392098591886804,1.779625445930133e-05
32060000441076,40,0.5392098591886804,1.1635588275660247e-05
32060000441076,42,0.5392098591886804,7.448706100365854e-06
32060000441076,44,0.5392098591886804,4.816942617558162e-06
32060000441076,46,0.5392098591886804,3.309656776306902e-06
32060000441076,48,0.5392098591886804,2.284860607826289e-06
32060000441076,50,0.5392098591886804,1.4235525100936286e-06
32060000441076,52,0.5392098591886804,1.004860805786656e-06
32060000441076,54,0.5392098591886804,6.180692658785958e-07
32060000441076,56,0.5392098591886804,4.386298410041789e-07
32060000441076,58,0.5392098591886804,2.59190383822272e-07
32060000441076,60,0.5392098591886804,1.7545195951651493e-07
32060000441076,62,0.5392098591886804,1.1962633938988887e-07
32060000441076,64,0.5392098591886804,8.373843907172329e-08
32060000441076,66,0.5392098591886804,5.18380821601383e-08
32060000441076,68,0.5392098591886804,3.190035857691953e-08
32060000441076,70,0.5392098591886804,1.9937724249352584e-08
32060000441076,72,0.5392098591886804,1.5950179399482067e-08
32060000441076,74,0.5392098591886804,1.196263454961155e-08
32060000441076,76,0.5392098591886804,7.975089699741034e-09
32060000441076,78,0.5392098591886804,7.975089699741034e-09
32060000441076,80,0.5392098591886804,3.987544849870517e-09
32060000441076,82,0.5392098591886804,3.987544849870517e-09
32060000441076,84,0.5392098591886804,3.987544849870517e-09
32060000441076,86,0.5392098591886804,0.0
32060000441076,88,0.5392098591886804,0.0
32060000441076,90,0.5392098591886804,0.0
32060000441076,92,0.5392098591886804,0.0
32060000441076,94,0.5392098591886804,0.0
32060000441076,96,0.5392098591886804,0.0
32060000441076,98,0.5392098591886804,0.0
32060000441076,100,0.5392098591886804,0.0
32060000441076,102,0.5392098591886804,0.0
32060000441076,104,0.5392098591886804,0.0
32060000441076,106,0.5392098591886804,0.0
32060000441076,108,0.5392098591886804,0.0
32060000441076,110,0.5392098591886804,0.0
32060000441076,112,0.5392098591886804,0.0
32060000441076,114,0.5392098591886804,0.0
32060000441076,116,0.5392098591886804,0.0
32060000441076,118,0.5392098591886804,0.0
32060000441076,120,0.5392098591886804,0.0
32060000441076,122,0.5392098591886804,0.0
32060000441076,124,0.5392098591886804,0.0
32060000441076,126,0.5392098591886804,0.0
32060000441076,128,0.5392098591886804,0.0
32060000441076,130,0.5392098591886804,0.0
32060000441076,132,0.5392098591886804,0.0
32060000441076,134,0.5392098591886804,0.0
32060000441076,136,0.5392098591886804,0.0
32060000441076,138,0.5392098591886804,0.0
32060000441076,140,0.5392098591886804,0.0
32060000441076,142,0.5392098591886804,0.0
32060000441076,144,0.5392098591886804,0.0
32060000441076,146,0.5392098591886804,0.0
32060000441076,148,0.5392098591886804,0.0
32060000441076,150,0.5392098591886804,0.0
32060000441076,152,0.5392098591886804,0.0
32060000441076,154,0.5392098591886804,0.0
32060000441076,156,0.5392098591886804,0.0
32060000441076,158,0.5392098591886804,0.0
32060000441076,160,0.5392098591886804,0.0
32060000441076,162,0.5392098591886804,0.0
32060000441076,164,0.5392098591886804,0.0
32060000441076,166,0.5392098591886804,0.0
32060000441076,168,0.5392098591886804,0.0
32060000441076,170,0.5392098591886804,0.0
32060000441076,172,0.5392098591886804,0.0
32060000441076,174,0.5392098591886804,0.0
32060000441076,176,0.5392098591886804,0.0
32060000441076,178,0.5392098591886804,0.0
32060000441076,180,0.5392098591886804,0.0
32060000441076,182,0.5392098591886804,0.0
32060000441076,184,0.5392098591886804,0.0
32060000441076,186,0.5392098591886804,0.0
32060000441076,188,0.5392098591886804,0.0
32060000441076,190,0.5392098591886804,0.0
32060000441076,192,0.5392098591886804,0.0
32060000441076,194,0.5392098591886804,0.0
32060000441076,196,0.5392098591886804,0.0
32060000441076,198,0.5392098591886804,0.0
32060000441076,200,0.5392098591886804,0.0
32060000459028,0,0.5834967122784712,0.0
32060000459028,2,0.5834967122784712,3.6840757111633593e-09
32060000459028,4,0.5834967122784712,0.0
32060000459028,6,0.5834967122784712,0.0
32060000459028,8,0.5834967122784712,0.0
32060000459028,10,0.5834967122784712,0.0
32060000459028,12,0.5834967122784712,0.0
32060000459028,14,0.5834967122784712,0.0
32060000459028,16,0.5834967122784712,0.0
32060000459028,18,0.5834967122784712,0.0
32060000459028,20,0.5834967122784712,0.0
32060000459028,22,0.5834967122784712,0.0
32060000459028,24,0.5834967122784712,0.0
32060000459028,26,0.5834967122784712,0.0
32060000459028,28,0.5834967122784712,0.0
32060000459028,30,0.5834967122784712,0.0
32060000459028,32,0.5834967122784712,0.0
32060000459028,34,0.5834967122784712,0.0
32060000459028,36,0.5834967122784712,0.0
32060000459028,38,0.5834967122784712,0.0
32060000459028,40,0.5834967122784712,0.0
32060000459028,42,0.5834967122784712,0.0
32060000459028,44,0.5834967122784712,0.0
32060000459028,46,0.5834967122784712,0.0
32060000459028,48,0.5834967122784712,0.0
32060000459028,50,0.5834967122784712,0.0
32060000459028,52,0.5834967122784712,0.0
32060000459028,54,0.5834967122784712,0.0
32060000459028,56,0.5834967122784712,0.0
32060000459028,58,0.5834967122784712,0.0
32060000459028,60,0.5834967122784712,0.0
32060000459028,62,0.5834967122784712,0.0
32060000459028,64,0.5834967122784712,0.0
32060000459028,66,0.5834967122784712,0.0
32060000459028,68,0.5834967122784712,0.0
32060000459028,70,0.5834967122784712,0.0
32060000459028,72,0.5834967122784712,0.0
32060000459028,74,0.5834967122784712,0.0
32060000459028,76,0.5834967122784712,0.0
32060000459028,78,0.5834967122784712,0.0
32060000459028,80,0.5834967122784712,0.0
32060000459028,82,0.5834967122784712,0.0
32060000459028,84,0.5834967122784712,0.0
32060000459028,86,0.5834967122784712,0.0
32060000459028,88,0.5834967122784712,0.0
32060000459028,90,0.5834967122784712,0.0
32060000459028,92,0.5834967122784712,0.0
32060000459028,94,0.5834967122784712,0.0
32060000459028,96,0.5834967122784712,0.0
32060000459028,98,0.5834967122784712,0.0
32060000459028,100,0.5834967122784712,0.0
32060000459028,102,0.5834967122784712,0.0
32060000459028,104,0.5834967122784712,0.0
32060000459028,106,0.5834967122784712,0.0
32060000459028,108,0.5834967122784712,0.0
32060000459028,110,0.5834967122784712,0.0
32060000459028,112,0.5834967122784712,0.0
32060000459028,114,0.5834967122784712,0.0
32060000459028,116,0.5834967122784712,0.0
32060000459028,118,0.5834967122784712,0.0
32060000459028,120,0.5834967122784712,0.0
32060000459028,122,0.5834967122784712,0.0
32060000459028,124,0.5834967122784712,0.0
32060000459028,126,0.5834967122784712,0.0
32060000459028,128,0.5834967122784712,0.0
32060000459028,130,0.5834967122784712,0.0
32060000459028,132,0.5834967122784712,0.0
32060000459028,134,0.5834967122784712,0.0
32060000459028,136,0.5834967122784712,0.0
32060000459028,138,0.5834967122784712,0.0
32060000459028,140,0.5834967122784712,0.0
32060000459028,142,0.5834967122784712,0.0
32060000459028,144,0.5834967122784712,0.0
32060000459028,146,0.5834967122784712,0.0
32060000459028,148,0.5834967122784712,0.0
32060000459028,150,0.5834967122784712,0.0
32060000459028,152,0.5834967122784712,0.0
32060000459028,154,0.5834967122784712,0.0
32060000459028,156,0.5834967122784712,0.0
32060000459028,158,0.5834967122784712,0.0
32060000459028,160,0.5834967122784712,0.0
32060000459028,162,0.5834967122784712,0.0
32060000459028,164,0.5834967122784712,0.0
32060000459028,166,0.5834967122784712,0.0
32060000459028,168,0.5834967122784712,0.0
32060000459028,170,0.5834967122784712,0.0
32060000459028,172,0.5834967122784712,0.0
32060000459028,174,0.5834967122784712,0.0
32060000459028,176,0.5834967122784712,0.0
32060000459028,178,0.5834967122784712,0.0
32060000459028,180,0.5834967122784712,0.0
32060000459028,182,0.5834967122784712,0.0
32060000459028,184,0.5834967122784712,0.0
32060000459028,186,0.5834967122784712,0.0
32060000459028,188,0.5834967122784712,0.0
32060000459028,190,0.5834967122784712,0.0
32060000459028,192,0.5834967122784712,0.0
32060000459028,194,0.5834967122784712,0.0
32060000459028,196,0.5834967122784712,0.0
32060000459028,198,0.5834967122784712,0.0
32060000459028,200,0.5834967122784712,0.0
32060000465697,0,0.5601134138292374,7.676652757915292e-09
32060000465697,2,0.5601134138292394,3.838326434468797e-09
32060000465697,4,0.5601134138292394,0.0
32060000465697,6,0.5601134138292394,0.0
32060000465697,8,0.5601134138292394,0.0
32060000465697,10,0.5601134138292394,0.0
32060000465697,12,0.5601134138292394,0.0
32060000465697,14,0.5601134138292394,0.0
32060000465697,16,0.5601134138292394,0.0
32060000465697,18,0.5601134138292394,0.0
32060000465697,20,0.5601134138292394,0.0
32060000465697,22,0.5601134138292394,0.0
32060000465697,24,0.5601134138292394,0.0
32060000465697,26,0.5601134138292394,0.0
32060000465697,28,0.5601134138292394,0.0
32060000465697,30,0.5601134138292394,0.0
32060000465697,32,0.5601134138292394,0.0
32060000465697,34,0.5601134138292394,0.0
32060000465697,36,0.5601134138292394,0.0
32060000465697,38,0.5601134138292394,0.0
32060000465697,40,0.5601134138292394,0.0
32060000465697,42,0.5601134138292394,0.0
32060000465697,44,0.5601134138292394,0.0
32060000465697,46,0.5601134138292394,0.0
32060000465697,48,0.5601134138292394,0.0
32060000465697,50,0.5601134138292394,0.0
32060000465697,52,0.5601134138292394,0.0
32060000465697,54,0.5601134138292394,0.0
32060000465697,56,0.5601134138292394,0.0
32060000465697,58,0.5601134138292394,0.0
32060000465697,60,0.5601134138292394,0.0
32060000465697,62,0.5601134138292394,0.0
32060000465697,64,0.5601134138292394,0.0
32060000465697,66,0.5601134138292394,0.0
32060000465697,68,0.5601134138292394,0.0
32060000465697,70,0.5601134138292394,0.0
32060000465697,72,0.5601134138292394,0.0
32060000465697,74,0.5601134138292394,0.0
32060000465697,76,0.5601134138292394,0.0
32060000465697,78,0.5601134138292394,0.0
32060000465697,80,0.5601134138292394,0.0
32060000465697,82,0.5601134138292394,0.0
32060000465697,84,0.5601134138292394,0.0
32060000465697,86,0.5601134138292394,0.0
32060000465697,88,0.5601134138292394,0.0
32060000465697,90,0.5601134138292394,0.0
32060000465697,92,0.5601134138292394,0.0
32060000465697,94,0.5601134138292394,0.0
32060000465697,96,0.5601134138292394,0.0
32060000465697,98,0.5601134138292394,0.0
32060000465697,100,0.5601134138292394,0.0
32060000465697,102,0.5601134138292394,0.0
32060000465697,104,0.5601134138292394,0.0
32060000465697,106,0.5601134138292394,0.0
32060000465697,108,0.5601134138292394,0.0
32060000465697,110,0.5601134138292394,0.0
32060000465697,112,0.5601134138292394,0.0
32060000465697,114,0.5601134138292394,0.0
32060000465697,116,0.5601134138292394,0.0
32060000465697,118,0.5601134138292394,0.0
32060000465697,120,0.5601134138292394,0.0
32060000465697,122,0.5601134138292394,0.0
32060000465697,124,0.5601134138292394,0.0
32060000465697,126,0.5601134138292394,0.0
32060000465697,128,0.5601134138292394,0.0
32060000465697,130,0.5601134138292394,0.0
32060000465697,132,0.5601134138292394,0.0
32060000465697,134,0.5601134138292394,0.0
32060000465697,136,0.5601134138292394,0.0
32060000465697,138,0.5601134138292394,0.0
32060000465697,140,0.5601134138292394,0.0
32060000465697,142,0.5601134138292394,0.0
32060000465697,144,0.5601134138292394,0.0
32060000465697,146,0.5601134138292394,0.0
32060000465697,148,0.5601134138292394,0.0
32060000465697,150,0.5601134138292394,0.0
32060000465697,152,0.5601134138292394,0.0
32060000465697,154,0.5601134138292394,0.0
32060000465697,156,0.5601134138292394,0.0
32060000465697,158,0.5601134138292394,0.0
32060000465697,160,0.5601134138292394,0.0
32060000465697,162,0.5601134138292394,0.0
32060000465697,164,0.5601134138292394,0.0
32060000465697,166,0.5601134138292394,0.0
32060000465697,168,0.5601134138292394,0.0
32060000465697,170,0.5601134138292394,0.0
32060000465697,172,0.5601134138292394,0.0
32060000465697,174,0.5601134138292394,0.0
32060000465697,176,0.5601134138292394,0.0
32060000465697,178,0.5601134138292394,0.0
32060000465697,180,0.5601134138292394,0.0
32060000465697,182,0.5601134138292394,0.0
32060000465697,184,0.5601134138292394,0.0
32060000465697,186,0.5601134138292394,0.0
32060000465697,188,0.5601134138292394,0.0
32060000465697,190,0.5601134138292394,0.0
32060000465697,192,0.5601134138292394,0.0
32060000465697,194,0.5601134138292394,0.0
32060000465697,196,0.5601134138292394,0.0
32060000465697,198,0.5601134138292394,0.0
32060000465697,200,0.5601134138292394,0.0
32060000466222,0,0.5414914608702361,0.0
32060000466222,2,0.5414914608702361,0.0
32060000466222,4,0.5414914608702361,0.0
32060000466222,6,0.5414914608702361,0.0
32060000466222,8,0.5414914608702361,0.0
32060000466222,10,0.5414914608702361,0.0
32060000466222,12,0.5414914608702361,0.0
32060000466222,14,0.5414914608702361,0.0
32060000466222,16,0.5414914608702361,0.0
32060000466222,18,0.5414914608702361,0.0
32060000466222,20,0.5414914608702361,0.0
32060000466222,22,0.5414914608702361,0.0
32060000466222,24,0.5414914608702361,0.0
32060000466222,26,0.5414914608702361,0.0
32060000466222,28,0.5414914608702361,0.0
32060000466222,30,0.5414914608702361,0.0
32060000466222,32,0.5414914608702361,0.0
32060000466222,34,0.5414914608702361,0.0
32060000466222,36,0.5414914608702361,0.0
32060000466222,38,0.5414914608702361,0.0
32060000466222,40,0.5414914608702361,0.0
32060000466222,42,0.5414914608702361,0.0
32060000466222,44,0.5414914608702361,0.0
32060000466222,46,0.5414914608702361,0.0
32060000466222,48,0.5414914608702361,0.0
32060000466222,50,0.5414914608702361,0.0
32060000466222,52,0.5414914608702361,0.0
32060000466222,54,0.5414914608702361,0.0
32060000466222,56,0.5414914608702361,0.0
32060000466222,58,0.5414914608702361,0.0
32060000466222,60,0.5414914608702361,0.0
32060000466222,62,0.5414914608702361,0.0
32060000466222,64,0.5414914608702361,0.0
32060000466222,66,0.5414914608702361,0.0
32060000466222,68,0.5414914608702361,0.0
32060000466222,70,0.5414914608702361,0.0
32060000466222,72,0.5414914608702361,0.0
32060000466222,74,0.5414914608702361,0.0
32060000466222,76,0.5414914608702361,0.0
32060000466222,78,0.5414914608702361,0.0
32060000466222,80,0.5414914608702361,0.0
32060000466222,82,0.5414914608702361,0.0
32060000466222,84,0.5414914608702361,0.0
32060000466222,86,0.5414914608702361,0.0
32060000466222,88,0.5414914608702361,0.0
32060000466222,90,0.5414914608702361,0.0
32060000466222,92,0.5414914608702361,0.0
32060000466222,94,0.5414914608702361,0.0
32060000466222,96,0.5414914608702361,0.0
32060000466222,98,0.5414914608702361,0.0
32060000466222,100,0.5414914608702361,0.0
32060000466222,102,0.5414914608702361,0.0
32060000466222,104,0.5414914608702361,0.0
32060000466222,106,0.5414914608702361,0.0
32060000466222,108,0.5414914608702361,0.0
32060000466222,110,0.5414914608702361,0.0
32060000466222,112,0.5414914608702361,0.0
32060000466222,114,0.5414914608702361,0.0
32060000466222,116,0.5414914608702361,0.0
32060000466222,118,0.5414914608702361,0.0
32060000466222,120,0.5414914608702361,0.0
32060000466222,122,0.5414914608702361,0.0
32060000466222,124,0.5414914608702361,0.0
32060000466222,126,0.5414914608702361,0.0
32060000466222,128,0.5414914608702361,0.0
32060000466222,130,0.5414914608702361,0.0
32060000466222,132,0.5414914608702361,0.0
32060000466222,134,0.5414914608702361,0.0
32060000466222,136,0.5414914608702361,0.0
32060000466222,138,0.5414914608702361,0.0
32060000466222,140,0.5414914608702361,0.0
32060000466222,142,0.5414914608702361,0.0
32060000466222,144,0.5414914608702361,0.0
32060000466222,146,0.5414914608702361,0.0
32060000466222,148,0.5414914608702361,0.0
32060000466222,150,0.5414914608702361,0.0
32060000466222,152,0.5414914608702361,0.0
32060000466222,154,0.5414914608702361,0.0
32060000466222,156,0.5414914608702361,0.0
32060000466222,158,0.5414914608702361,0.0
32060000466222,160,0.5414914608702361,0.0
32060000466222,162,0.5414914608702361,0.0
32060000466222,164,0.5414914608702361,0.0
32060000466222,166,0.5414914608702361,0.0
32060000466222,168,0.5414914608702361,0.0
32060000466222,170,0.5414914608702361,0.0
32060000466222,172,0.5414914608702361,0.0
32060000466222,174,0.5414914608702361,0.0
32060000466222,176,0.5414914608702361,0.0
32060000466222,178,0.5414914608702361,0.0
32060000466222,180,0.5414914608702361,0.0
32060000466222,182,0.5414914608702361,0.0
32060000466222,184,0.5414914608702361,0.0
32060000466222,186,0.5414914608702361,0.0
32060000466222,188,0.5414914608702361,0.0
32060000466222,190,0.5414914608702361,0.0
32060000466222,192,0.5414914608702361,0.0
32060000466222,194,0.5414914608702361,0.0
32060000466222,196,0.5414914608702361,0.0
32060000466222,198,0.5414914608702361,0.0
32060000466222,200,0.5414914608702361,0.0
32060000474380,0,0.5995074495350601,0.0
32060000474380,2,0.5995074495350601,0.0
32060000474380,4,0.5995074495350601,0.0
32060000474380,6,0.5995074495350601,0.0
32060000474380,8,0.5995074495350601,0.0
32060000474380,10,0.5995074495350601,0.0
32060000474380,12,0.5995074495350601,0.0
32060000474380,14,0.5995074495350601,0.0
32060000474380,16,0.5995074495350601,0.0
32060000474380,18,0.5995074495350601,0.0
32060000474380,20,0.5995074495350601,0.0
32060000474380,22,0.5995074495350601,0.0
32060000474380,24,0.5995074495350601,0.0
32060000474380,26,0.5995074495350601,0.0
32060000474380,28,0.5995074495350601,0.0
32060000474380,30,0.5995074495350601,0.0
32060000474380,32,0.5995074495350601,0.0
32060000474380,34,0.5995074495350601,0.0
32060000474380,36,0.5995074495350601,0.0
32060000474380,38,0.5995074495350601,0.0
32060000474380,40,0.5995074495350601,0.0
32060000474380,42,0.5995074495350601,0.0
32060000474380,44,0.5995074495350601,0.0
32060000474380,46,0.5995074495350601,0.0
32060000474380,48,0.5995074495350601,0.0
32060000474380,50,0.5995074495350601,0.0
32060000474380,52,0.5995074495350601,0.0
32060000474380,54,0.5995074495350601,0.0
32060000474380,56,0.5995074495350601,0.0
32060000474380,58,0.5995074495350601,0.0
32060000474380,60,0.5995074495350601,0.0
32060000474380,62,0.5995074495350601,0.0
32060000474380,64,0.5995074495350601,0.0
32060000474380,66,0.5995074495350601,0.0
32060000474380,68,0.5995074495350601,0.0
32060000474380,70,0.5995074495350601,0.0
32060000474380,72,0.5995074495350601,0.0
32060000474380,74,0.5995074495350601,0.0
32060000474380,76,0.5995074495350601,0.0
32060000474380,78,0.5995074495350601,0.0
32060000474380,80,0.5995074495350601,0.0
32060000474380,82,0.5995074495350601,0.0
32060000474380,84,0.5995074495350601,0.0
32060000474380,86,0.5995074495350601,0.0
32060000474380,88,0.5995074495350601,0.0
32060000474380,90,0.5995074495350601,0.0
32060000474380,92,0.5995074495350601,0.0
32060000474380,94,0.5995074495350601,0.0
32060000474380,96,0.5995074495350601,0.0
32060000474380,98,0.5995074495350601,0.0
32060000474380,100,0.5995074495350601,0.0
32060000474380,102,0.5995074495350601,0.0
32060000474380,104,0.5995074495350601,0.0
32060000474380,106,0.5995074495350601,0.0
32060000474380,108,0.5995074495350601,0.0
32060000474380,110,0.5995074495350601,0.0
32060000474380,112,0.5995074495350601,0.0
32060000474380,114,0.5995074495350601,0.0
32060000474380,116,0.5995074495350601,0.0
32060000474380,118,0.5995074495350601,0.0
32060000474380,120,0.5995074495350601,0.0
32060000474380,122,0.5995074495350601,0.0
32060000474380,124,0.5995074495350601,0.0
32060000474380,126,0.5995074495350601,0.0
32060000474380,128,0.5995074495350601,0.0
32060000474380,130,0.5995074495350601,0.0
32060000474380,132,0.5995074495350601,0.0
32060000474380,134,0.5995074495350601,0.0
32060000474380,136,0.5995074495350601,0.0
32060000474380,138,0.5995074495350601,0.0
32060000474380,140,0.5995074495350601,0.0
32060000474380,142,0.5995074495350601,0.0
32060000474380,144,0.5995074495350601,0.0
32060000474380,146,0.5995074495350601,0.0
32060000474380,148,0.5995074495350601,0.0
32060000474380,150,0.5995074495350601,0.0
32060000474380,152,0.5995074495350601,0.0
32060000474380,154,0.5995074495350601,0.0
32060000474380,156,0.5995074495350601,0.0
32060000474380,158,0.5995074495350601,0.0
32060000474380,160,0.5995074495350601,0.0
32060000474380,162,0.5995074495350601,0.0
32060000474380,164,0.5995074495350601,0.0
32060000474380,166,0.5995074495350601,0.0
32060000474380,168,0.5995074495350601,0.0
32060000474380,170,0.5995074495350601,0.0
32060000474380,172,0.5995074495350601,0.0
32060000474380,174,0.5995074495350601,0.0
32060000474380,176,0.5995074495350601,0.0
32060000474380,178,0.5995074495350601,0.0
32060000474380,180,0.5995074495350601,0.0
32060000474380,182,0.5995074495350601,0.0
32060000474380,184,0.5995074495350601,0.0
32060000474380,186,0.5995074495350601,0.0
32060000474380,188,0.5995074495350601,0.0
32060000474380,190,0.5995074495350601,0.0
32060000474380,192,0.5995074495350601,0.0
32060000474380,194,0.5995074495350601,0.0
32060000474380,196,0.5995074495350601,0.0
32060000474380,198,0.5995074495350601,0.0
32060000474380,200,0.5995074495350601,0.0
32060000484375,0,0.5549088531589466,0.0
32060000484375,2,0.5549088531589466,0.0
32060000484375,4,0.5549088531589466,0.0
32060000484375,6,0.5549088531589466,0.0
32060000484375,8,0.5549088531589466,0.0
32060000484375,10,0.5549088531589466,0.0
32060000484375,12,0.5549088531589466,0.0
32060000484375,14,0.5549088531589466,0.0
32060000484375,16,0.5549088531589466,0.0
32060000484375,18,0.5549088531589466,0.0
32060000484375,20,0.5549088531589466,0.0
32060000484375,22,0.5549088531589466,0.0
32060000484375,24,0.5549088531589466,0.0
32060000484375,26,0.5549088531589466,0.0
32060000484375,28,0.5549088531589466,0.0
32060000484375,30,0.5549088531589466,0.0
32060000484375,32,0.5549088531589466,0.0
32060000484375,34,0.5549088531589466,0.0
32060000484375,36,0.5549088531589466,0.0
32060000484375,38,0.5549088531589466,0.0
32060000484375,40,0.5549088531589466,0.0
32060000484375,42,0.5549088531589466,0.0
32060000484375,44,0.5549088531589466,0.0
32060000484375,46,0.5549088531589466,0.0
32060000484375,48,0.5549088531589466,0.0
32060000484375,50,0.5549088531589466,0.0
32060000484375,52,0.5549088531589466,0.0
32060000484375,54,0.5549088531589466,0.0
32060000484375,56,0.5549088531589466,0.0
32060000484375,58,0.5549088531589466,0.0
32060000484375,60,0.5549088531589466,0.0
32060000484375,62,0.5549088531589466,0.0
32060000484375,64,0.5549088531589466,0.0
32060000484375,66,0.5549088531589466,0.0
32060000484375,68,0.5549088531589466,0.0
32060000484375,70,0.5549088531589466,0.0
32060000484375,72,0.5549088531589466,0.0
32060000484375,74,0.5549088531589466,0.0
32060000484375,76,0.5549088531589466,0.0
32060000484375,78,0.5549088531589466,0.0
32060000484375,80,0.5549088531589466,0.0
32060000484375,82,0.5549088531589466,0.0
32060000484375,84,0.5549088531589466,0.0
32060000484375,86,0.5549088531589466,0.0
32060000484375,88,0.5549088531589466,0.0
32060000484375,90,0.5549088531589466,0.0
32060000484375,92,0.5549088531589466,0.0
32060000484375,94,0.5549088531589466,0.0
32060000484375,96,0.5549088531589466,0.0
32060000484375,98,0.5549088531589466,0.0
32060000484375,100,0.5549088531589466,0.0
32060000484375,102,0.5549088531589466,0.0
32060000484375,104,0.5549088531589466,0.0
32060000484375,106,0.5549088531589466,0.0
32060000484375,108,0.5549088531589466,0.0
32060000484375,110,0.5549088531589466,0.0
32060000484375,112,0.5549088531589466,0.0
32060000484375,114,0.5549088531589466,0.0
32060000484375,116,0.5549088531589466,0.0
32060000484375,118,0.5549088531589466,0.0
32060000484375,120,0.5549088531589466,0.0
32060000484375,122,0.5549088531589466,0.0
32060000484375,124,0.5549088531589466,0.0
32060000484375,126,0.5549088531589466,0.0
32060000484375,128,0.5549088531589466,0.0
32060000484375,130,0.5549088531589466,0.0
32060000484375,132,0.5549088531589466,0.0
32060000484375,134,0.5549088531589466,0.0
32060000484375,136,0.5549088531589466,0.0
32060000484375,138,0.5549088531589466,0.0
32060000484375,140,0.5549088531589466,0.0
32060000484375,142,0.5549088531589466,0.0
32060000484375,144,0.5549088531589466,0.0
32060000484375,146,0.5549088531589466,0.0
32060000484375,148,0.5549088531589466,0.0
32060000484375,150,0.5549088531589466,0.0
32060000484375,152,0.5549088531589466,0.0
32060000484375,154,0.5549088531589466,0.0
32060000484375,156,0.5549088531589466,0.0
32060000484375,158,0.5549088531589466,0.0
32060000484375,160,0.5549088531589466,0.0
32060000484375,162,0.5549088531589466,0.0
32060000484375,164,0.5549088531589466,0.0
32060000484375,166,0.5549088531589466,0.0
32060000484375,168,0.5549088531589466,0.0
32060000484375,170,0.5549088531589466,0.0
32060000484375,172,0.5549088531589466,0.0
32060000484375,174,0.5549088531589466,0.0
32060000484375,176,0.5549088531589466,0.0
32060000484375,178,0.5549088531589466,0.0
32060000484375,180,0.5549088531589466,0.0
32060000484375,182,0.5549088531589466,0.0
32060000484375,184,0.5549088531589466,0.0
32060000484375,186,0.5549088531589466,0.0
32060000484375,188,0.5549088531589466,0.0
32060000484375,190,0.5549088531589466,0.0
32060000484375,192,0.5549088531589466,0.0
32060000484375,194,0.5549088531589466,0.0
32060000484375,196,0.5549088531589466,0.0
32060000484375,198,0.5549088531589466,0.0
32060000484375,200,0.5549088531589466,0.0
